1984.86808199 -0.0912601465697 5 19841113133624209507325154989799497356610 13 4000 0
1984.87079148 -0.139597844552 5 19841114132129360957524933132984501356610 5 5000 0
1984.87092515 -0.100123953294 5 19841114143147467433324888095642502356610 11 6000 0
1984.87353796 -0.317177605104 5 19841115132601448744424710934565506356610 7 5000 0
1985.02705859 0.341234136153 5 19850110151144138166424216279048516356610 23 16000 0
1985.02963142 -0.0895483011717 5 19850111134456404224924157584461517356610 30 9000 0
1985.02965115 -0.0889393801207 5 19850111135519243801724154391839517356610 35 11000 0
1985.029672 -0.0501225704664 5 19850111140617198101424151845505517356610 16 6000 0
1985.02969943 0.00387208514269 5 19850111142042687421324149798098517356610 16 8000 0
1985.02973501 0.0204152350908 5 19850111143925412644724149357723517356610 41 14000 0
1985.02977361 0.145540762473 5 19850111145943696933324151712695517356610 50 17000 0
1985.03235975 0.140094328452 5 19850112133956089488924193877894516356610 37 9000 0
1985.03238288 0.218674231101 5 19850112135205840909724186050897516356610100 12000 0 70360
1985.03240856 -0.104693960618 5 19850112140536296531324178521203516356610 20 7000 0
1985.0324456 0.159891653586 5 19850112142505253003524169867887517356610 53 9000 0
1985.03507945 0.11803977542 5 19850113133023382976124295071433514356610 60 10000 0
1985.0351094 0.123963046599 5 19850113134608550315724279900459514356610 35 8000 0
1985.03514757 -0.00464720673506 5 19850113140612849148724262696942515356610 45 9000 0
1985.03518423 0.0408990865236 5 19850113142529828135824248529643515356610 48 8000 0
1985.1116224 0.0683867221361 5 19850210122854991816124118811360518356610 62 3000 0
1985.11165127 0.0775660758501 5 19850210124406233366324106687504518356610135 3000 0 70470
1985.11167895 0.270248461295 5 19850210125839652694324096375206518356610 61 5000 0
1985.11172799 0.115371990729 5 19850210132427077091824081393748518356610 88 3000 0
1985.11179672 0.182267237235 5 19850210140036064272924067822679519356610 45 3000 0
1985.11185115 0.163880634833 5 19850210142913972493524063481011519356610142 3000 0 70470
1985.11191939 0.144888926077 5 19850210150507497072924066232918519356610134 3000 0 70470
1985.11198576 0.150905418921 5 19850210154001935776424077676799518356610109 3000 0 70470
1985.11203548 0.123822498847 5 19850210160610811859624091820073518356610 37 3000 0
1985.11212705 0.241549301673 5 19850210165420728054024129824474517356610 9 4000 0
1985.3556109 0.171633768607 5 19850510151706581522825353898842493356610 36 4000 0
1985.40401281 -0.357919287157 5 19850528073434589817324383212491000356610 11 3000 0
1985.43496835 0.169006872702 5 19850608145557168418425641531784000356610 13 2000 0
1985.43751978 0.409374642897 5 19850609131754223289226031195299000356610 19 6000 0
1985.43756018 0.340485024977 5 19850609133909034855426012987874000356610 28 4000 0
1985.43758934 0.26306598239 5 19850609135429337864826001390237000356610 29 5000 0
1985.43763538 0.306206632186 5 19850609141842256585925985894522000356610 76 2000 0
1985.43772426 0.337063122321 5 19850609150527106338125966442086000356610 79 2000 0
1985.43776421 0.299773383666 5 19850609152627691254625962447692000356610100 1000 0 70890
1985.43781538 0.333572674323 5 19850609155322638807325961798981000356610 97 1000 0
1985.43784311 0.248482156325 5 19850609160757880933425963573851000356610 28 2000 0
1985.4402657 -0.0614255465676 5 19850610132208769180226334000489000356610 10 3000 0
1985.44040782 0.0489387713263 5 19850610143653792420026260780975000356610 22 2000 0
1985.4404593 0.0273906193564 5 19850610150358419027726242040567000356610 18 2000 0
1985.44047566 -0.0765315093209 5 19850610151234669482126237052157000356610 11 2000 0
1985.44053343 0.0464697085212 5 19850610154257686266426223345641000356610 38 2000 0
1985.48046321 0.0967668776994 5 19850625054425865397124415819750512356610 34 3000 0
1985.48054758 -0.0829617495054 5 19850625062848449747524448061909511356610 16 5000 0
1985.48067032 -0.02142579503 5 19850625073321665454724514919006510356610 35 2000 0
1985.48072984 0.0367458348757 5 19850625080440105436924554386767509356610 15 3000 0
1985.48075463 -0.136592578363 5 19850625081742385301624571924735509356610 20 3000 0
1985.48339586 -0.34521324582 5 19850626072653160579624285365960514356610 15 4000 0
1985.48342834 -0.177438687753 5 19850626074358292613824302322782514356610 5 3000 0
1985.48351189 -0.0237464422697 5 19850626082754797539224352743592513356610 11 2000 0
1985.48892164 0.242219377089 5 19850628075313692232324014168401520356610 19 3000 0
1985.48896945 0.199487257529 5 19850628081822318416024029664871519356610 31 2000 0
1985.48902516 0.0627741103655 5 19850628084740407829524052637597519356610 74 3000 0
1985.48909541 0.0535034423357 5 19850628092437443087224088560196518356610 44 2000 0
1985.49169703 -0.107016157579 5 19850629081258062352223981401441520356610 14 2000 0
1985.49171335 -0.00225360341017 5 19850629082133135779523984568666520356610 30 2000 0
1985.49194815 -0.151094388437 5 19850629102502841916724079808953518356610 18 2000 0
1985.49197314 -0.0978986734862 5 19850629103811646761424094791080518356610 15 3000 0
1985.51982259 -0.00382013268416 5 19850709144553328791926359887999473356610 34 2000 0
1985.51988533 0.199513125945 5 19850709151853140425626347242498473356610 13 3000 0
1985.5199303 0.0373094563967 5 19850709154232346108526342902707473356610 12 5000 0
1985.52253404 0.192637968588 5 19850710143200069211026491974169470356610 69 1000 0
1985.52256166 0.075014281798 5 19850710144631922573626479657898470356610 15 3000 0
1985.52259074 0.226603675414 5 19850710150149416019226468114991471356610 26 2000 0
1985.52264232 0.300392437506 5 19850710152857275585026451369927471356610114 1000 0 70910
1985.56263212 -0.277910541963 5 19850725060159265567224238610095515356610 41 3000 0
1985.56265653 -0.169566463899 5 19850725061449852963024247647669515356610 20 3000 0
1985.56269581 -0.210376333665 5 19850725063529362491624264326652515356610 18 3000 0
1985.56274046 -0.196339201402 5 19850725065858257189824286339927514356610 48 2000 0
1985.56276873 -0.308389973115 5 19850725071350446218124299507433514056610 15 4000 0
1985.56279083 -0.245766353082 5 19850725072527783002924314801884514356610 15 4000 0
1985.56280162 0.0485442166811 5 19850725073108466626724314140032514256610 6 6000 0
1985.56283468 -0.271448921632 5 19850725074831785022824342437038513356610 17 4000 0
1985.56286277 0.0385113244539 5 19850725080318308284524354167679513256610 18 5000 0
1985.56289264 -0.197125029039 5 19850725081900687548024380352215512056610 18 4000 0
1985.56290999 -0.304794501733 5 19850725082808249664924395258567512356610 22 4000 0
1985.56547532 -0.162603449296 5 19850726065724056401724264788930515356610 60 2000 0
1985.56549242 0.154540944624 5 19850726070623492365424266461315515256610 14 3000 0
1985.56563524 -0.299276422929 5 19850726082130805966924342957458513356610 22 3000 0
1985.56566439 0.111807513762 5 19850726083650612487424356316751513256610 9 4000 0
1985.56569785 -0.200690578889 5 19850726085426424885124383283960512356610 33 2000 0
1985.56824534 -0.127827596139 5 19850727071419115656224305384237514356610 31 2000 0
1985.56826931 0.134018469382 5 19850727072655531430224311607974514356610 21 2000 0
1985.56833144 0.0215839629656 5 19850727075936358858524332294768513356610 48 2000 0
1985.57098839 -0.252826404046 5 19850728071703182992324391896573512356610 62 2000 0
1985.57108552 0.0188786273485 5 19850728080808282737724406117903512356610 59 2000 0
1985.57117306 0.00481526904161 5 19850728085410807082624432755273511356610 49 2000 0
1985.57122747 0.0394614224916 5 19850728092247981162924455528626511356610 46 2000 0
1985.57373007 0.0114764457231 5 19850729071903976862324538153563509356610 27 2000 0
1985.57392774 -0.15667469449 5 19850729090302080993924548564198509356610 15 2000 0
1985.59350916 -0.262526821565 5 19850805124204556289526213760172476356610 44 2000 0
1985.59356912 -0.381508779001 5 19850805131336811553926201789983476056610 33 3000 0
1985.59365393 -0.0178206676954 5 19850805135813295314426199354799476356610 28 3000 0
1985.59611248 -0.103362512063 5 19850806113119121260526460974457471356610 66 2000 0
1985.5961359 -0.0742339605803 5 19850806114338228920226447104122471356610 77 2000 0
1985.59616064 -0.34085400052 5 19850806115638932831626431876361471056610 17 1000 0
1985.59620369 -0.0757747406477 5 19850806121917477964426411496089472356610 99 2000 0
1985.59626756 -0.0645347351546 5 19850806125253168589026384733603472356610144 1000 0 71030
1985.59636433 -0.057984303903 5 19850806134347127115026358100388473356610249 1000 0 71030
1985.59644392 0.0233843808656 5 19850806142538653939226349652445473356610178 1000 0 71030
1985.59651164 -0.0394767040724 5 19850806150115662864426352358925473356610 94 2000 0
1985.59657154 -0.27691609807 5 19850806153245881257926375467770472456610 26 2000 0
1985.59885016 -0.0707305187697 5 19850807113113795478126597397934468356610108 2000 0 71080
1985.59892113 -0.0207291359419 5 19850807120833371476826549207625469356610149 1000 0 71080
1985.59897714 -0.3075351233 5 19850807123800904289326514034387470056610 75 2000 0
1985.59901462 0.120153236914 5 19850807125743643116726495958697470356610 11 3000 0
1985.59904986 -0.0426133388991 5 19850807131616007614826479361837470356610130 1000 0 71080
1985.59913741 -0.119492959451 5 19850807140218722808826461120493471456610 13 4000 0
1985.5992148 0.0342270617967 5 19850807144301083348326430757037471356610 85 2000 0
1985.59932105 0.0460812335497 5 19850807153853943564526426849923471356610 25 3000 0
1985.60453336 0.0737345700746 5 19850809132021857579526482034252470356610 12 3000 0
1985.60743583 0.12864773326 5 19850810144656959754826261988240475356610 9 5000 0
1985.64754166 0.00017421298082 5 19850825062100694713424677412606506356610 40 2000 0
1985.64764359 -0.0994836802 5 19850825071437367966124698594577506356610 38 2000 0
1985.64774427 -0.044470500421 5 19850825080734424330824736430536505356610 44 2000 0
1985.64784066 -0.0465518946165 5 19850825085816456062624786947008504356610 43 2000 0
1985.65025464 -0.0177188629622 5 19850826060755945960324874733258503356610 36 2000 0
1985.65032637 -0.106716584634 5 19850826064539571381224870747564503356610 63 2000 0
1985.65040096 -0.0958520884032 5 19850826072453253302424876059648502356610 52 2000 0
1985.65050724 -0.0815701002592 5 19850826082047153489124900234778502356610100 2000 0 71020
1985.65061845 0.079387832213 5 19850826091916834206624945426818501356610 74 2000 0
1985.65319262 0.0888869052416 5 19850827075311534544825075778709498356610 37 2000 0
1985.65325237 0.0960782056337 5 19850827082436873161025085519341498256610 9 4000 0
1985.65331836 -0.0726494307036 5 19850827085919616346025094773124498356610 56 2000 0
1985.65336555 0.0490931754595 5 19850827092408736399325109015686498356610 54 2000 0
1985.65343905 0.00324766688402 5 19850827100248010591525138566568497356610 37 2000 0
1985.65352116 -0.0682715887541 5 19850827104559337189925181468718496356610 57 2000 0
1985.65583998 -0.0172368998045 5 19850828070535698018325312662982494356610 56 2000 0
1985.65586692 -0.170278620195 5 19850828071945806341425305228647494356610 70 2000 0
1985.67558607 0.127862620879 5 19850904121114937238826514464199470356610 21 3000 0
1985.67566013 0.0778837686067 5 19850904125012134679226490957632470356610 38 2000 0
1985.67573154 0.00745146327074 5 19850904132745626373826477874677470356610 24 2000 0
1985.67578058 -0.197610687684 5 19850904135333255487626474530700471356610 33 2000 0
1985.67587209 0.0805752759462 5 19850904144141002143326480706334470356610 37 2000 0
1985.67590725 -0.138717245531 5 19850904150010695101726487336441470356610 14 2000 0
1985.67597411 -0.160299610567 5 19850904153520425248726506254785470356610 38 3000 0
1985.67820904 0.153094816733 5 19850905111049479545126609313152468356610 23 3000 0
1985.67826506 0.207146573592 5 19850905114017478261126572834357469356610 41 3000 0
1985.67835778 0.179483104277 5 19850905122903598180726521870674470356610 69 2000 0
1985.67838154 -0.0912127012724 5 19850905124133432754526526419759469456610 14 4000 0
1985.67850175 0.166680861044 5 19850905134446780776826470145328471356610 33 3000 0
1985.67865535 0.222628522444 5 19850905150533956804826456330386471356610 38 2000 0
1985.6787213 0.18786220603 5 19850905154015427076026463934725471356610 29 3000 0
1985.68102263 -0.0330744499678 5 19850906115039757922726523210215470356610 62 2000 0
1985.68110682 0.00599257998521 5 19850906123456736226426467645461471356610 77 2000 0
1985.68112705 -0.188558411073 5 19850906124534846934326452911830471056610 9 4000 0
1985.68118177 -0.00326235241835 5 19850906131421704760926426113640471356610 17 3000 0
1985.68119901 -0.164438199472 5 19850906132325798064526434342219471456610 9 4000 0
1985.68122498 0.0971014981752 5 19850906133705299377326406008632472356610 24 3000 0
1985.6812585 0.0915838962084 5 19850906135443309912026381318893472256610 30 2000 0
1985.68130897 0.132300663519 5 19850906142115884530526375708181472356610 18 3000 0
1985.68135905 0.0679026132112 5 19850906144736489482826363461584473356610 17 3000 0
1985.68139171 0.0592655425554 5 19850906150446963646426357899557473356610 33 2000 0
1985.68403047 0.268561411429 5 19850907141240088315526234554661475356610 26 3000 0
1985.68408962 0.135764408637 5 19850907144346599620126208250846476356610 16 3000 0
1985.75757473 0.0465703492647 5 19851004105400154304426547300526469356610 48 2000 0
1985.75764556 -0.15411241002 5 19851004113115379890126501059956470056610 36 2000 0
1985.75768337 -0.159713696908 5 19851004115108814199626501159115470456610 27 2000 0
1985.75771089 0.0711346154695 5 19851004120537028912426470810575471356610 31 2000 0
1985.7578159 -0.053326677751 5 19851004130051025406426430934648471356610 38 3000 0
1985.75784408 0.00548796706255 5 19851004131540475493926423380518472356610 14 3000 0
1985.76311917 0.154978800345 5 19851006113009454874826213990154476356610 59 1000 0
1985.76321905 0.0745895390993 5 19851006122241596373626137402597477356610 60 1000 0
1985.76327899 -0.0608385319227 5 19851006125413030242126092733963478056610 9 2000 0
1985.76332145 0.103555369902 5 19851006131632959967926069908354479356610 27 2000 0
1985.76345153 0.108246970702 5 19851006142457930032626004831706480356610 34 1000 0
1985.76353183 0.02280812316 5 19851006150712071037025977995401480356610 18 2000 0
1985.80927995 -0.129511784982 5 19851023080852836096825780043016484356610 13 2000 0
1985.80948241 -0.265752148103 5 19851023095521977295125902796783482356610 21 3000 0
1985.83437727 -0.0332359785551 5 19851101120904100629226426222560471356610 33 2000 0
1985.83685284 0.158910561133 5 19851102095107131501026441170887471356610 38 2000 0
1985.83688166 0.126238871146 5 19851102100616718871126420410063472356610 44 2000 0
1985.89147615 0.0445427184587 5 19851122084047780363226316139596474356610 37 2000 0
1985.89168409 0.0680072789675 5 19851122103009856846826458079647471356610 26 3000 0
1985.89172217 0.127655196715 5 19851122105011531875826489983216470356610 7 3000 0
1985.89394929 -0.0562809223646 5 19851123062133991733726415566941472356610 35 3000 0
1985.89405244 0.1760160213 5 19851123071549407238826409983121472356610 18 3000 0
1985.89412089 0.121458936263 5 19851123075149407757226418013232472356610 29 3000 0
1985.89446892 -0.042876791429 5 19851123105452285764126591265824468356610 9 3000 0
1985.89452966 0.192115235854 5 19851123112649183173026639561027467356610 39 3000 0
1985.92472967 -0.161830615472 5 19851204121048952050225265410607495356610 30 2000 0
1985.92482056 -0.152229380083 5 19851204125837231584925194617754496356610 23 2000 0
1985.92498494 -0.125702213716 5 19851204142504586617725096241298498356610 30 2000 0
1985.92505134 -0.121854733896 5 19851204150000306374425069408847499356610 44 1000 0
1985.92511141 -0.0553262943739 5 19851204153135940509725052177904499356610 34 2000 0
1985.96790926 -0.102932404947 5 19851220064133223554226244959569475356610 14 3000 0
1985.96802537 -0.159534882974 5 19851220074237465818926304105322474356610 18 3000 0
1985.97065428 -0.0278344864363 5 19851221064519556597526403723393472356610 18 3000 0
1985.97069574 0.0797372346407 5 19851221070707775406626413441436472256610 6 5000 0
1985.97075163 0.10440819316 5 19851221073631766441226436570619471356610 16 3000 0
1985.97081971 0.158178735304 5 19851221081220147161926469682685471356610 31 3000 0
1985.97090329 -0.0533526653761 5 19851221085617744087726520565027470356610 24 4000 0
1986.04172706 -0.0516269917006 5 19860116054645945457925976373148480356610 17 3000 0
1986.04451023 -0.0525965208525 5 19860117061035978322326221676118476356610 13 3000 0
1986.04455076 -0.228720378351 5 19860117063155030927526244840904475256610 13 3000 0
1986.04721438 -0.0651832336897 5 19860118055252574379826360979857473356610 7 4000 0
1986.04728367 -0.0708943123335 5 19860118062919019320226390030629472356610 10 3000 0
1986.04731699 -0.0485808367247 5 19860118064650610939826402949117472056610 7 3000 0
1986.08394852 -0.0908365959639 5 19860131155333679648124441043102511356610 18 2000 0
1986.08398947 -0.260842155885 5 19860131161506116736824448747002511356610 17 2000 0
1986.08647022 -0.0763443226332 5 19860201135952482065224382762141512356610 11 3000 0
1986.08651308 -0.291948151063 5 19860201142225070393224366021654513356610 27 2000 0
1986.08663943 -0.140393089723 5 19860201152852426902524336331948513356610 17 2000 0
1986.49157349 0.133555412957 5 19860629130759512355325993162511480356610 27 2000 0
1986.49165678 0.0979229218455 5 19860629135148015914625946025913481356610 49 2000 0
1986.49172329 0.131552458474 5 19860629142646893427025915346696482356610 33 2000 0
1986.49173982 0.201428652474 5 19860629143528517010925908797599482356610 18 2000 0
1986.49179153 0.118571520516 5 19860629150240259125225891284474482356610 25 2000 0
1986.49182162 0.114330292413 5 19860629151830023653125883258191482356610 12 3000 0
1986.56826722 -0.35042905741 5 19860727132549724326125837250896483356610 30 3000 0
1986.56829724 0.0710691220255 5 19860727134137104205225837053757483456610 11 4000 0
1986.57081685 -0.116219758323 5 19860728114649908841726277022134474356610 34 2000 0
1986.57090224 -0.107957600883 5 19860728123144393912626221340823476356610 27 2000 0
1986.57097108 -0.0731534951238 5 19860728130756951616926182356120476356610 21 2000 0
1986.5710266 -0.230878471663 5 19860728133708886749826155578344477356610 22 2000 0
1986.57107693 -0.084440826705 5 19860728140337343950026145076992477456610 7 3000 0
1986.57111906 -0.0685864680319 5 19860728142546911481926121629510478356610 16 3000 0
1986.57114597 0.049754143426 5 19860728143956069517126107359294478056610 19 2000 0
1986.57118374 -0.00508618288324 5 19860728145947849715826106627153478356610 43 2000 0
1986.57122411 0.00308668679907 5 19860728152101830451226101154470478356610 33 2000 0
1986.57126059 -0.0861173861532 5 19860728154013277548826098861154478356610 36 2000 0
1986.57370889 0.00585901803687 5 19860729130755710498226455225741471356610 34 2000 0
1986.57372846 0.0361971861811 5 19860729131813382577626453516345471456610 7 4000 0
1986.57380832 -0.0449587100057 5 19860729140013507566626398086536472356610 42 2000 0
1986.57395197 -0.0694882863073 5 19860729151546583462426340209055473356610 43 2000 0
1986.57397535 0.013954401681 5 19860729152804547229026326434606473056610 18 3000 0
1986.64482643 0.0426197058649 5 19860824123254392859725807217293484356610 18 2000 0
1986.6449435 -0.0324927561788 5 19860824133429138523725793070038484356610 15 2000 0
1986.64743774 0.199983120629 5 19860825112621361010926185921670476456610 6 3000 0
1986.64747456 0.273231507012 5 19860825114543073931826148344145477056610 5 3000 0
1986.64751273 0.0666800744028 5 19860825120547665937026137280934477356610 28 2000 0
1986.64758645 -0.0807899230032 5 19860825124434272266726107494834478356610 54 1000 0
1986.64764649 -0.0190398686437 5 19860825131609015808226089780313478356610 42 2000 0
1986.6477182 -0.0340684645681 5 19860825135351812376926076945017478356610 41 2000 0
1986.65019759 -0.0261269801168 5 19860826113755324480226433205596471356610 36 2000 0
1986.65023231 0.166991472909 5 19860826115611149366126422768895472456610 6 4000 0
1986.65026362 -0.123113035491 5 19860826121239097216326393320005472356610 29 2000 0
1986.6503627 -0.0486912720709 5 19860826130445812266326343544623473356610 15 2000 0
1986.65038619 -0.129394530585 5 19860826131707279397526325827110473056610 8 3000 0
1986.6504175 0.0291658646555 5 19860826133335254092426333482542473456610 6 4000 0
1986.65045108 -0.0594770901708 5 19860826135114933702226311303074474356610 63 2000 0
1986.65053902 -0.153253912261 5 19860826143730249930226292136944474356610 35 2000 0
1986.65059013 -0.060853480628 5 19860826150422957839426287313410474356610 19 2000 0
1986.65309333 -0.0336145155935 5 19860827130058180796026530270335469356610 48 1000 0
1986.6531296 0.200437427232 5 19860827132002764130826522379302470456610 9 3000 0
1986.65317737 0.0384173399897 5 19860827134510239578926486139607470356610 24 2000 0
1986.6533624 -0.108514665893 5 19860827152229131050126425648178471356610 58 1000 0
1986.65339278 0.186418057153 5 19860827153827984901526433867468471456610 4 3000 0
1986.69616502 -0.145450710586 5 19860912063457089914424306268693514356610 10 2000 0
1986.70190934 -0.15424907141 5 19860914085614257872724403717210512356610 7 3000 0
1986.7044943 -0.165351628592 5 19860915073549339184424460670532511356610 24 2000 0
1986.70459548 -0.0834512703924 5 19860915082902236712324463776717511356610 20 2000 0
1986.70463275 -0.0169266455679 5 19860915084838536571324469687222511356610 11 2000 0
1986.70476313 -0.0360060923605 5 19860915095713075297624509975591510356610 37 2000 0
1986.70483533 -0.19162690573 5 19860915103511548757724544613342509356610 24 2000 0
1986.70488523 -0.125069140723 5 19860915110126252840624573179406509356610 13 2000 0
1986.70492322 0.0774321562739 5 19860915112125133831924597236381508356610 8 2000 0
1986.72675236 -0.0251207345037 5 19860923104240334687926427879889471356610 60 1000 0
1986.7268054 -0.161128043464 5 19860923111033979670426398632075472356610 10 3000 0
1986.72683688 -0.0390642874746 5 19860923112707503742026382949208472356610 42 1000 0
1986.72694779 -0.00248408251092 5 19860923122527582602726339044666473356610 33 2000 0
1986.72707345 0.103983998963 5 19860923133132976050626313408424474356610 18 2000 0
1986.73231611 -0.0321577780752 5 19860925112858805569926655790704467356610 49 1000 0
1986.73238429 -0.25203788214 5 19860925120450412751626609359232468356610 24 2000 0
1986.73241489 -0.115497350028 5 19860925122056285557226581951713468056610 3 4000 0
1986.73252148 -0.245831608108 5 19860925131659945971926530424244469356610 42 1000 0
1986.73255622 -0.23622167044 5 19860925133516098132426506328174470056610 8 2000 0
1986.73260443 -0.185779809287 5 19860925140037608620826494587442470356610 70 1000 0
1986.73269395 -0.127196788123 5 19860925144742603155426467738526471356610 44 1000 0
1986.7327717 -0.162610530189 5 19860925152836123602926455190015471356610 11 2000 0
1986.73289188 0.107878328034 5 19860925163148760285326456297765471356610 16 2000 0
1986.73533529 -0.294351696303 5 19860926135656894507326470264878471256610 13 2000 0
1986.73550452 -0.0410544865637 5 19860926152557445060526411351847472356610 7 3000 0
1986.96502162 -0.0643002980261 5 19861219112246240423726506458371470356610 26 2000 0
1986.9650987 -0.0815280669241 5 19861219120318669948426483693393470356610 11 2000 0
1986.96533924 -0.0170886509924 5 19861219140949458709226480448142470356610 14 2000 0
1986.97614641 0.136815667817 5 19861223125357795737025667273687487356610 9 3000 0
1986.97629749 0.235942006776 5 19861223141325705043325572752534489356610 20 3000 0
1986.97638659 -0.0370270007162 5 19861223150017585742425535738798489356610 21 2000 0
1987.2629972 0.188550472924 5 19870407072600290639326452922108800356610 12 1600 73
1987.26312162 -0.0619785779028 5 19870407083126843423826509453390600356610 13 2200 45
1987.26321805 -0.0912517302541 5 19870407092210007941826566772209300356610 15 1800 51
1987.26332348 -0.105064868262 5 19870407101737137764026639348663100356610 9 2400120 71100
1987.26552457 0.160951734254 5 19870408053518166496026291647154200356610 17 1600 44
1987.26570874 -0.0234733813314 5 19870408071210056432826287661876800356610 11 1900 73
1987.26577016 -0.179036258986 5 19870408074428256938626285154310900256610 6 3000 23
1987.26587319 0.0417970425577 5 19870408083839922979326334688600500356610 9 2100173 71200
1987.26590873 0.223166704843 5 19870408085721263213726350481602700356610 7 2400 35
1987.26594786 0.191833139131 5 19870408091756226582026369923288000356610 10 2200 35
1987.26612428 0.146755219171 5 19870408105043475602226479411363300356610 8 2300 26
1987.26828192 -0.112240552237 5 19870409054533566403226104468243500356610 22 1800 18
1987.26861189 0.115818143556 5 19870409083906459490626092721342500356610 15 1800 15
1987.2687266 -0.190230726531 5 19870409093926440941726119719310300256610 12 2000 37
1987.26889444 0.132673383424 5 19870409110743215725626228615077500356610 10 2000 21
1987.29655489 0.140571118066 5 19870419133600648305524263355562200356610 9 2600 20
1987.29667457 0.0732074982615 5 19870419143857485110224233107863100356610 10 2100 14
1987.29672728 0.266853810021 5 19870419150640933182324227294421800356610 12 1700 56
1987.2993395 0.0396491295786 5 19870420140036110937124342041803400356610 11 1900102 70600
1987.29947156 0.313738704392 5 19870420151003709431524295760386000356610 10 1900 88
1987.29954747 0.286374450395 5 19870420154959221326624281918041400356610 13 1700 28
1987.34514681 0.0456748015375 5 19870507073325105824626088634051600356610 19 1800 36
1987.345175 0.111233711907 5 19870507074814500036526098397477100356610 13 1900 49
1987.34525407 0.214391351411 5 19870507082949960717526132523825800356610 12 2200 16
1987.34762891 0.206089735696 5 19870508051854223433725793971869100356610 10 2300 11
1987.34790146 0.249190927217 5 19870508074215199777125775428598400356610 13 2100 13
1987.34799086 0.0368317372294 5 19870508082916308072025800087446700356610 14 2100 20
1987.3481302 0.0394222743006 5 19870508094233486741225864397865000356610 29 1500 41
1987.34824878 0.108063817689 5 19870508104455581947525938682367700356610 19 1900 12
1987.35069641 0.0872393853159 5 19870509081217112827625427793764100356610 8 2100 16
1987.35091302 0.0428413159342 5 19870509100612850782825500149763900356610 9 2000 23
1987.37609143 0.180290222833 5 19870518144902788313324126242345000356610 6 2900 19
1987.37613725 0.0102810866328 5 19870518151308763260024125347610800356610 10 2600 14
1987.37617795 0.0382281548472 5 19870518153433172078624127739275000356610 7 2600 26
1987.37863625 0.0230716473551 5 19870519130731236854524410808269500356610 14 2000 48
1987.37867535 -0.00899588995263 5 19870519132805142948224390843656800356610 29 1500 16
1987.3787576 -0.0349217646627 5 19870519141120962750024355924669200356610 12 1900 12
1987.38152913 0.0297166115732 5 19870520142903641039524602475469300356610 9 2500 33
1987.42457971 0.244795561502 5 19870605075156747992125881070539600356610 18 1900 50
1987.4246167 0.25705647535 5 19870605081123827215825900323037800356610 24 1600 70
1987.4247199 0.138297677705 5 19870605090540588009125963001238900356610 8 2500 21
1987.42723915 0.152143598268 5 19870606071042244611025467396908500356610 12 2100 27
1987.42728021 0.17029678888 5 19870606073217927550925477892830100356610 14 2200 18
1987.42737716 0.117834091851 5 19870606082317536958825514110382600356610 14 1900 12
1987.42748214 0.0196378237696 5 19870606091830306071225569074182000356610 12 1900 21
1987.42752766 0.080344200799 5 19870606094226736498325597067502000356610 21 1500 39
1987.43288215 0.14123988218 5 19870608083841740559024674379631200356610 8 2400 10
1987.43307783 0.140852451989 5 19870608102137079696824744206879700356610 17 1800 18
1987.44700189 -0.153355716994 5 19870613122507000263423586823758000356610 17 1800 16
1987.45536089 -0.119135140708 5 19870616134136880520324153685357000356610 24 1700 16
1987.4554147 -0.0424776070623 5 19870616140954892927324145763174100356610 18 1700 27
1987.45550924 0.125037551591 5 19870616145938283889624145045722700356610 14 2200 6
1987.45794492 0.177379847238 5 19870617122042506180224563228468400356610 12 1800 37
1987.45799072 0.0595347887965 5 19870617124447831390024538059060600356610 15 1900 30
1987.45812169 0.114907265374 5 19870617135340934722124482676219100356610 26 1500 51
1987.4581982 0.110794425675 5 19870617143355394472524463525583600356610 10 2200 25
1987.45828087 -0.0470652573614 5 19870617151724421056624455061880000356610 17 1700 46
1987.45831604 -0.0200473063497 5 19870617153554272677324455482225300356610 6 2500 24
1987.46360251 0.17183208532 5 19870619135622421049125220355750600356610 9 2300 28
1987.46363805 -0.306012152961 5 19870619141504227038725199676966800256610 24 1400 21
1987.53734154 -0.2966358655 5 19870716122009364966324752599605700356610 27 700 15
1987.53749349 -0.0194939368276 5 19870716134004462953324698083334800356610 6 1800 12
1987.53753146 -0.258589505485 5 19870716140002871266724690696218900356610 14 700 12
1987.53767798 -0.0700368874578 5 19870716151706583732824688191041700356610 61 700 26
1987.53776061 -0.0529499047308 5 19870716160034161752424705572842000356610 16 1000 13
1987.54008071 0.0271265513392 5 19870717122050918287725194892487800356610 32 900 29
1987.54018614 -0.0566295378713 5 19870717131618011948125140566477400356610 30 900 25
1987.54030456 -0.152187108329 5 19870717141835316941325099172007300356610 21 1100 19
1987.54040654 -0.116050957969 5 19870717151213577375225083192081100356610 10 1400 17
1987.54043281 -0.122213362983 5 19870717152602521188025082259519000356610 7 1700 17
1987.54050302 -0.0245497220068 5 19870717160258212317125086378821700356610 29 800 18
1987.5406453 0.0761426693888 5 19870717171748100988125124328238700356610 40 700 19
1987.54069197 0.0043116814585 5 19870717174220820261225145163238300356610 26 700 11
1987.54073754 -0.057767748168 5 19870717180618846613125169275245900356610 38 800 13
1987.5428533 -0.086642622283 5 19870718123907147710925603347319800356610 7 1500 28
1987.54568306 -0.0928249352483 5 19870719132727765841225933541439300256610 8 1000 63
1987.58593215 0.343657863658 5 19870803061652557566724905771497700356610 11 1700 24
1987.58597224 0.0980907802991 5 19870803063757566045324917006368800356610 17 700 27
1987.58603168 0.141564739268 5 19870803070913213478424938225265100356610 9 1300 34
1987.5973998 0.00275434307377 5 19870807104823878482123639871998000356610 10 900 12
1987.61105881 -0.0159289712497 5 19870812103229386067924212120642700356610 24 700 19
1987.61110589 -0.117574083287 5 19870812105715131695624193747440700356610 15 900 13
1987.61371296 0.0220105772428 5 19870813094828024401224699843885200356610 14 800 19
1987.61379004 -0.0536523933001 5 19870813102900442605124654636777500356610 15 1000 9
1987.61400279 -0.0578381890841 5 19870813122054530471324572307400400356610 15 800 12
1987.61661942 -0.0179039115496 5 19870814111708943036125074162169300356610 29 800 37
1987.61665729 -0.0186672086306 5 19870814113704093051725055277784100356610 41 700 51
1987.61674123 0.0182331924848 5 19870814122113123501825020553636000356610 29 900 28
1987.61682113 -0.0161243552752 5 19870814130314459679624997848958700356610 32 900 21
1987.61692008 0.0135378961972 5 19870814135517208827824985379455600356610 26 1000 18
1987.61711502 -0.0307931775637 5 19870814153748961635525015366874500356610 20 700 43
1987.61720646 0.014014137309 5 19870814162554652381325054275925900356610 21 1000 12
1987.61733604 -0.0207092637606 5 19870814173403847109925133984531600356610 19 700 12
1987.61745245 0.0189726477079 5 19870814183517498313525226174936600356610 12 900 11
1987.61975708 -0.112618516626 5 19870815144725928364625398571051500356610 30 800 61
1987.619934 -0.0783878075497 5 19870815162029084510125423989912100356610 9 1100 19
1987.61997661 -0.0419120299236 5 19870815164253980313825438789785200356610 27 700 59
1987.62001911 -0.121947597207 5 19870815170514951753025456772378100356610 27 800 33
1987.62007516 -0.100379298867 5 19870815173443883988425485220088700356610 19 800 31
1987.6201145 -0.124399136247 5 19870815175525241979725508226467800356610 15 900 20
1987.69590146 -0.0200570332424 5 19870912101619950858725446858739000356610 10 900 30
1987.69595083 -0.101800392808 5 19870912104217895366725420600088500356610 22 600 76
1987.69597983 -0.102759669961 5 19870912105733045764825406463753100356610 14 800 34
1987.69606776 -0.144354056062 5 19870912114347954200425370303205100356610 26 900 44
1987.69614707 -0.088532756509 5 19870912122530769910125347491307100356610 13 700 73
1987.69876305 -0.0850291954891 5 19870913112124762906625812443803600356610 12 1000 49
1987.70156831 -0.0599961983578 5 19870914115652176155826157625643500356610 16 900 85
1987.70160293 -0.110597919168 5 19870914121504752560726138694441100356610 27 800129 71010
1987.70168181 -0.102472733201 5 19870914125633781220426100337378100356610 21 900100 70940
1987.70183348 -0.103236149492 5 19870914141620369518826049478356500356610 11 900 75
1987.70191022 -0.110013793649 5 19870914145642112820526037192575200356610 13 900100 70950
1987.75899988 -0.135137866677 5 19871005112334684620724097307463100356610 17 700 18
1987.77822393 -0.180878351869 5 19871012115439404969426061463443700356610 23 1000 64
1987.77826958 -0.111761401834 5 19871012121840239151726044495628800356610 16 800 41
1987.77835365 -0.101784657182 5 19871012130253200808026021163190200356610 20 700 55
1987.77844453 -0.184462736787 5 19871012135041245337326008522905700356610 11 700145 70920
1987.77847422 -0.127367566766 5 19871012140618168980426007385332100356610 8 1100 48
1987.77868876 -0.134639214219 5 19871012155908507996926044133308000356610 17 600 66
1987.78096716 -0.170188974084 5 19871013115729310434826352616081500356610 10 900 63
1987.78102202 -0.134811590852 5 19871013122620425234226324515763500356610 18 500182 70950
1987.78110394 -0.126514147462 5 19871013130925765812026289407917000356610 10 600141 70950
1987.78114166 -0.213159512223 5 19871013132916182005126265061633300056610 2 1200999 70950
1987.78121642 -0.17641825551 5 19871013140835355902126256802029700356610 23 500169 70790
1987.82684209 -0.132304977121 5 19871030060551901846324278039054500356610 13 1100 44
1987.82698903 -0.1461280095 5 19871030072309025372324329875197400356610 7 900 53
1987.832666 -0.151183913888 5 19871101090900521031024375494150600356610 22 400 29
1987.83273858 -0.0973360049145 5 19871101094710870466524418817995500356610 23 600 13
1987.854654 -0.152205299081 5 19871109095349167625726155329343100356610 11 600 58
1987.85470099 -0.137673925103 5 19871109101832070763126132416160300356610 13 600 44
1987.85480818 -0.187800358476 5 19871109111454573704426090668619800356610 17 700 45
1987.857446 -0.164323042573 5 19871110102217979883126398347995300356610 13 600 49
1987.85750513 -0.198760102929 5 19871110105323918202026365357758600356610 16 700 29
1987.85768915 -0.166982124986 5 19871110123011047619426290378681000356610 12 1100 13
1987.85782947 -0.23864467019 5 19871110134359214028326267934208400356610 9 1200 21
1987.86020282 -0.0922989355938 5 19871111103216598361926599879947000356610 14 700 58
1987.86024673 -0.139453362169 5 19871111105522284519726570228906800356610 21 500135 71310
1987.86043048 0.00989213856777 5 19871111123201056556526466926857500356610 25 500130 71250
1987.86053091 0.00737539204678 5 19871111132450191226926429294444500356610 31 500118 71220
1987.86062227 0.0117500153454 5 19871111141253421338026409125839100356610 8 1200 25
1987.86307409 0.0649104443463 5 19871112114226932360826641315863400356610 24 500 68
1987.86314727 0.0531038370999 5 19871112122056257051326591949922700356610 16 600112 71330
1987.86325213 0.0322113362225 5 19871112131605330021626531889310300356610 15 500135 71280
1987.86333617 0.0238199559124 5 19871112140017520227426494888079600356610 26 400136 71280
1987.8633641 0.0467454520138 5 19871112141458985467426498978887800456610 3 1800120 71280
1987.86342503 0.00193384560665 5 19871112144701820755826460870109800056610 6 800999 71280
1987.91770778 -0.0381785306064 5 19871202103735005733025200605319000356610 16 600 40
1987.917748 -0.0282325419513 5 19871202105844303530925227956980500356610 32 400 82
1987.9178225 -0.0276494893161 5 19871202113755220338225283889363100356610 26 600 32
1987.93421085 -0.0665093335239 5 19871208111732419378826382281829600356610 19 500 43
1987.93682542 0.0629117813977 5 19871209101241857007926593787161500356610 21 500 45
1987.93687583 0.0120005932721 5 19871209103912674706926564453433400356610 23 400106 71120
1987.93701112 -0.0154403122989 5 19871209115022004015826502443198900356610 26 400 45
1987.93965341 0.0144536820324 5 19871210110006605401226642709065100356610 34 300 37
1987.94244101 0.00417366894802 5 19871211112616461309426639084316600356610 20 500145 70730
1987.94257721 -0.0141389044849 5 19871211123754437321326550294972700356610 21 500117 70670
1987.94271484 -0.0128528746692 5 19871211135017980384326488677560200356610 22 500203 70660
1987.94275158 -0.0780142220584 5 19871211140937306951726466462488900256610 8 1100 8
1987.94279078 0.00400439175686 5 19871211143014247919026468985273300356610 22 600137 70660
1987.94302383 -0.0337003144352 5 19871211163248940504126477424294900356610 22 500142 70650
1988.01918767 -0.0122925910083 5 19880108121156774468026549103519469356610 12 734 16
1988.01924956 -0.0413860949604 5 19880108124429997232126528513506836356610 12 668 15
1988.01930175 0.0322156277569 5 19880108131156880869126514257849563056610 6 945 18
1988.0220274 -0.0314769419757 5 19880109130531988889426428091932873356610 15 712 35
1988.02212413 -0.0016215714542 5 19880109135624537484626401126931546356610 10 908 22
1988.02231846 -0.0919556292621 5 19880109153836915588726402841757093356610 10 940 14
1988.02235299 -0.0195928486911 5 19880109155646647768126410891595118356610 8 1006 27
1988.17813734 -0.0644679772274 5 19880306133306970350726108977225467356610 19 597 7
1988.24315298 -0.119503449144 5 19880330072844591342826487764779181356610 19 602 20
1988.24322098 -0.195397566499 5 19880330080430277171326475471040323356610 17 679 7
1988.26843958 -0.0893809306042 5 19880408130828882843724840148706326356610 14 1274 16
1988.26850932 -0.0573976742642 5 19880408134509723836424806280874414356610 9 1254 17
1988.26870381 -0.0152575480358 5 19880408152727256001324752513759176356610 12 1138 14
1988.26874159 -0.158225487413 5 19880408154719715235624749469211614356610 13 1083 20
1988.2688558 -0.133208464326 5 19880408164723659429924755054104637356610 23 734 8
1988.3170603 -0.193057011308 5 19880426072102121958926463146385668356610 13 640 48
1988.31715077 -0.215428780259 5 19880426080837292124726488567126978356610 18 764 16
1988.34510621 -0.0874667870419 5 19880506131203841478924591129546827356610 10 937 15
1988.34517283 -0.0991657482998 5 19880506134706078514024574237595638356610 11 734 14
1988.34811916 -0.137217591943 5 19880507153645207198024414618495654356610 10 953 19
1988.34816092 -0.0113741862194 5 19880507155843005631124415234976098356610 18 953 8
1988.35063353 -0.102507184686 5 19880508133912536245524391461136240356610 8 1099 38
1988.35067648 -0.051439832391 5 19880508140148137908924368093025122356610 12 801 65
1988.35084583 -0.0590503918545 5 19880508153052365596924304601559316356610 8 1021 80
1988.35087953 -0.132981132211 5 19880508154835872013224297920080901356610 11 862 33
1988.35093052 -0.0938159930126 5 19880508161524867680924291778265570356610 15 699 21
1988.42472851 -0.0165614592449 5 19880604151012474781424170007696320356610 12 606 28
1988.42481317 -0.128881763162 5 19880604155443975251124189730406224356610 8 889 9
1988.42740016 -0.0744062172787 5 19880605143523393401824149466561032356610 24 511 51
1988.42744933 -0.0609017121212 5 19880605150114902404824144908463313356610 33 483 58
1988.4276443 -0.0992526518719 5 19880605164347649714424172059092135356610 17 696 6
1988.42983755 0.0464237225635 5 19880606115721380330924362802994107356610 9 652 77
1988.42991107 0.0220828545673 5 19880606123601739420424311197976980356610 16 673 62
1988.42998056 0.00913732176856 5 19880606131234454893724268432918921356610 18 639 89
1988.43006376 -0.0376734244244 5 19880606135620039568624226443749851356610 9 1075 25
1988.43015324 -0.0700621115582 5 19880606144323793416924194158254252356610 18 581 68
1988.43025197 -0.0491628157513 5 19880606153519648188724175650543624356610 30 428173 71140
1988.43032892 -0.0606404053585 5 19880606161547943885924174353877455356610 21 549 30
1988.43272261 0.0235136044605 5 19880607131446972476124386904380336256610 14 979 13
1988.43276125 -0.0610188948528 5 19880607133506526107624365841797703356610 18 704999 71000
1988.4328038 0.0350481761082 5 19880607135729144660324335764781498256610 5 1000 7
1988.43550606 0.00801520472602 5 19880608133845914698624519832107959256610 10 757210 70810
1988.43554142 -0.0978052126782 5 19880608135722002046124500494451820356610 2 1111 0
1988.43558825 0.0606123698337 5 19880608142159671489424464563212592256610 10 824 35
1988.43562332 -0.273429344835 5 19880608144026636241624460794300984456610 2 1111 0
1988.47572231 0.308123637496 5 19880623061054383316626175702149998356610 6 1023 11
1988.47577601 -0.180799912156 5 19880623063908925376326189520680694356610 8 1023 12
1988.47583851 -0.418387960138 5 19880623071201320380326230517329434456610 9 836 3
1988.50128808 -0.150129030885 5 19880702141728863704823842938775040356610 27 623 10
1988.50132816 -0.0365952956097 5 19880702143833529544323854440843661356610 8 826 -2
1988.50935413 -0.0192745434658 5 19880705125953844011624247958185854356610 16 585 76
1988.50938542 -0.0394939886944 5 19880705131621398560124233642473908356610 17 686 72
1988.50950019 -0.00827140683099 5 19880705141643239910324195446845315356610 15 591 58
1988.5096349 -0.0249939667599 5 19880705152734387131224182193434933356610 36 424130 70880
1988.51216165 0.0244540465458 5 19880706133632434717524480363357020356610 10 1015 6
1988.512205 -0.0337168681042 5 19880706135920404586324460297539868356610 22 695176 70770
1988.51224889 0.0179220927341 5 19880706142225551998524437157321388256610 14 815 12
1988.51228533 -0.0590605246441 5 19880706144135544712124431231471590356610 32 466389 70830
1988.51232604 -0.264236878099 5 19880706150300272957224431136045690456610 4 1054845 70830
1988.51236154 -0.0780634390728 5 19880706152140648066224414276516308356610 11 659999 70830
1988.51245177 -0.119308422746 5 19880706160908034104924408511155966356610 47 427218 70880
1988.51251932 -0.117116521539 5 19880706164439721028124414661039188356610 21 484 56
1988.56059745 -0.309765170755 5 19880724061150242166325261305720645356610 16 851 8
1988.56066121 0.0699191582783 5 19880724064522160360025260945558394356610 9 924 7
1988.58054443 -0.0331196295635 5 19880731130308749365323577309190358356610 25 655 9
1988.58058001 -0.0404178606884 5 19880731132151663079923582905931547356610 24 526 19
1988.58060524 -0.034959744157 5 19880731133507804968523583766267655256610 8 1101 -5
1988.58072886 -0.241806696595 5 19880731144009204422323645701972236456610 6 945 5
1988.58078274 -0.0405141817944 5 19880731150829334040223660429657874356610 12 710 8
1988.58312721 0.0132422936542 5 19880801114135185551323769482959015356610 43 568 26
1988.58318693 0.0731767905338 5 19880801121259832951123748456937378256610 7 1030 -2
1988.58330798 -0.0304082142727 5 19880801131640054496023741084257537356610 28 525 34
1988.58360928 0.0307126534565 5 19880801155508149406823835674846297356610 18 733 4
1988.58607578 -0.052203129472 5 19880802133224922687423999705775883356610 44 652 50
1988.58618 -0.0415502297299 5 19880802142713907935224002280667919356610 22 994 41
1988.65983288 0.0992197287662 5 19880829120542109011823520580285271356610 23 437 25
1988.65990481 0.108939100562 5 19880829124332104431523530034087940356610 14 610 17
1988.66219773 0.166875649749 5 19880830084931059396723941529143111356610 23 491 30
1988.66227313 0.166590858756 5 19880830092910590091523894810173909356610 14 894 24
1988.66239158 0.127383638678 5 19880830103128682122123835987649750356610 18 829 12
1988.66264384 0.117794681845 5 19880830124409104271723788741155239356610 33 514111 70930
1988.66508111 0.182719994841 5 19880831100603562378824253374218502356610 23 718 13
1988.66525449 0.159404565154 5 19880831113714992361924174699287513356610 35 738 27
1988.66535313 0.16530316001 5 19880831122908061476224150501366479356610 21 1142 8
1988.66541487 0.1836498273 5 19880831130136301287724144106559879356610 14 902 11
1988.66783716 0.101953793822 5 19880901101537994417024696017749361356610 23 913 13
1988.66790421 0.161237884818 5 19880901105053891962624657303302954356610 14 1080 8
1988.67087068 -0.0322620379345 5 19880902125108435263925012073007745356610 26 807 57
1988.67108454 -0.0495032774822 5 19880902144337494756324964543883237356610 20 913 67
1988.67129219 0.0228413832767 5 19880902163250360355824992253451204356610 9 853 10
1988.74167134 -0.0185737120525 5 19880928092927554340424074688923513356610 19 679 15
1988.74170043 0.00669841891364 5 19880928094445484703924061966404219356610 16 732 15
1988.7418008 -0.0114163863079 5 19880928103733068927124027697080484356610 20 597 22
1988.74470474 -0.0033303009884 5 19880929120454175659224417245026915356610 11 917 6
1988.74476439 0.0831525815113 5 19880929123616734670224412384260531356610 15 694 10
1988.74735484 -0.0495521532909 5 19880930111844947733724905962135822356610 14 818 19
1988.74739273 0.0570728076084 5 19880930113840734997124891384288696356610 23 516 40
1988.75006834 0.00466423159675 5 19881001110556638157625399798555130356610 18 825 50
1988.75025838 0.183298755942 5 19881001124553719420025307057085313256610 7 1026 3
1988.75031329 -0.0115972268002 5 19881001131446645893425297814052984356610 34 632 24
1988.75045909 -0.0510664688961 5 19881001143127646362525276188964808356610 24 636 54
1988.75285544 -0.0263051497356 5 19881002113150737982125830166520426356610 18 702 78
1988.75307877 -0.0548984515087 5 19881002132918654554025716381833654356610 20 743 57
1988.75314053 -0.151090215387 5 19881002140147529692525694796467125356610 8 1034148 70960
1988.75317031 -0.271251987161 5 19881002141727304670225673032299971056610 8 1078 0
1988.75322895 -0.392358134927 5 19881002144817804490825681331780210456610 2 1431 0
1988.75326795 -0.0927900778668 5 19881002150848626697625668025463133356610 18 819122 70960
1988.75329955 0.0332419169529 5 19881002152525947500125658040995185256610 7 847 20
1988.753343 -0.0264181601421 5 19881002154817005437625664598503429356610 7 908 52
1988.80143159 -0.0873403059856 5 19881020052057607224124148048930192356610 16 904 22
1988.80164769 -0.122835348787 5 19881020071437073647024140477297625356610 13 1170 11
1988.82130092 -0.0760606037991 5 19881027113125786450424379827862706356610 18 690 10
1988.91461365 0.0861206544025 5 19881130133011785549926405366231156356610 26 631132 71050
1988.91466622 0.0895216954334 5 19881130135750643350426382531099464356610 29 551223 71050
1988.91477074 0.137133647261 5 19881130145249156706026351129821843356610 33 500154 71040
1988.9148376 0.107703734694 5 19881130152759166428726341605703510356610 35 501339 71040
1988.91495182 0.130269337951 5 19881130162803456118526345415972363356610 33 696 79
1988.91499342 0.150283385573 5 19881130164956206673726353146415078356610 32 444109 71070
1989.07632689 0.382417012511 5 19890128150453306166826458115454748356610 18 920 21
1989.07637344 0.346682716666 5 19890128152922391102926457165469624356610 19 812 31
1989.07645867 0.394365001975 5 19890128161412122099926466298121605356610 15 1198 11
1989.07653479 0.340407420455 5 19890128165414290143126485964117714356610 16 736 30
1989.20147349 0.0283387196644 5 19890315080659841694525417049460378356610 12 836 47
1989.20157162 0.120980550109 5 19890315085836582409525486673728348356610 9 2156 74
1989.2016736 0.0474975598438 5 19890315095214754538125569128153703356610 8 1855 62
1989.20424046 -0.0124426590817 5 19890316082218617837525707392627606356610 15 930 54
1989.20428157 -0.0196457611935 5 19890316084356225998525730852475665356610 22 606 89
1989.20449403 -0.0247724758999 5 19890316103540922191125885511863074356610 17 834 52
1989.28643033 -0.192919801416 5 19890415085053784113026273481793492356610 15 785 56
1989.36280268 -0.00254447335168 5 19890513061941784082226171306475989356610 13 975 54
1989.36285084 -0.044156383218 5 19890513064501756022226190564423040356610 15 832158 70960
1989.36288197 -0.0074121462719 5 19890513070124089314526205235333981356610 8 915251 70960
1989.36291153 -0.00369102829858 5 19890513071656873538926220721210400356610 13 987152 70960
1989.36313572 -0.00254828804894 5 19890513091451743402426380449358736356610 15 859107 71010
1989.36321065 0.0563745987995 5 19890513095416458317626446496510083356610 12 1311 44
1989.37102562 -0.0339998709576 5 19890516062438227972626557831311671356610 20 860 13
1989.37105536 -0.076494525613 5 19890516064016739576626554274623155356610 44 682 27
1989.37108116 0.000876594839851 5 19890516065350955372526552613320438356610 26 703 22
1989.37128019 -0.0552929150478 5 19890516083831677647026584121686213356610 17 893 12
1989.39921979 0.043970991431 5 19890526133338513932524819163116368356610 15 1128 4
1989.40186853 0.117395569144 5 19890527124646395772324668678233939356610 11 863 12
1989.40190096 0.122013379393 5 19890527130349642414424644825781399356610 13 834 26
1989.40198135 0.0153786433323 5 19890527134606675134724591947516927356610 12 1100 8
1989.40202238 0.10792927867 5 19890527140741468071024568772239317356610 12 1392 26
1989.40204933 0.0675725234135 5 19890527142151862388324555069192914356610 9 1003 18
1989.64271602 0.220905948935 5 19890823120254922572024459101515900356610 51 570 50
1989.64274657 0.194535065947 5 19890823121859235730624441517429265356610 52 595 53
1989.64278078 0.217744160949 5 19890823123658665616124423025095105356610 43 565 57
1989.64280866 0.18897228366 5 19890823125138434877424408966390568356610 54 529 68
1989.64283745 0.1920077098 5 19890823130647037878424395474228921356610 37 550 61
1989.64288203 0.199606586753 5 19890823133014043108524376790670172356610 32 651 42
1989.64290989 0.199715424834 5 19890823134453176552224366564731539356610 43 671 47
1989.64298911 0.211164523421 5 19890823142633126304524344037448561356610 48 550 26
1989.64304537 0.175176550208 5 19890823145608613775824334292326639356610 22 716 38
1989.64322354 0.2714698804 5 19890823162951190672224339984059015356610 38 702 18
1989.6432567 0.243013192473 5 19890823164717585078924347262609424356610 41 612 54
1989.64328202 0.220238138495 5 19890823170036743758424354113709216356610 46 492105 70800
1989.64332341 0.232566167174 5 19890823172222760822524367673220797356610 32 728 31
1989.6433778 0.244501162825 5 19890823175059181853824389813152990356610 35 597 25
1989.6484727 -0.0355345713513 5 19890825143042119081824934070016644256610 25 555328 70810
1989.64851158 -0.0504210698025 5 19890825145109005174624915155018708256610 16 752254 70810
1989.71633381 0.070324589072 5 19890919092255760730724047276238503356610 40 567 22
1989.71637357 0.0560294879063 5 19890919094350492212724022580818454356610 74 462 39
1989.71642502 0.0389353526218 5 19890919101054094803723992818205583356610 88 437 49
1989.71649984 0.0195490611179 5 19890919105015330656123954807493378356610 69 440118 70990
1989.7165783 0.0296442998035 5 19890919113131249404023922872582502356610 77 423 45
1989.71665187 0.0339831603153 5 19890919121012999183923901349397350356610 50 487 59
1989.71670555 0.0346017373188 5 19890919123827111523523891251967664356610 67 360 92
1989.71674001 0.058583189307 5 19890919125634622697223887385223290356610 57 560 32
1989.71677575 0.0817192090137 5 19890919131522471669423885590209466356610 30 644 43
1989.71680088 0.0551603329761 5 19890919132835304429723885696234873356610 14 648 82
1989.71695976 0.0891203177555 5 19890919145209164605723912686284836356610 34 888 23
1989.71698721 0.0946004880054 5 19890919150635455261823921881627434356610 15 1004 19
1989.71935627 0.0428244364841 5 19890920115237400907824265332236985356610 28 684 41
1989.71938724 -0.0047996746914 5 19890920120854757316224252871066940356610 47 546 84
1989.71942505 -0.0278973090069 5 19890920122847833435424239436778505356610 28 600 63
1989.71948569 -0.00567979687615 5 19890920130041763755024222261726657356610 40 461135 70840
1989.71951475 0.0122849238499 5 19890920131558518596824216055595906356610 59 387188 70840
1989.71954059 -0.0467916237728 5 19890920132934038903024211681390808356610 28 627135 70840
1989.71959242 0.0172499907597 5 19890920135649847823524206260139972356610 33 512111 70840
1989.71962791 0.0330065978153 5 19890920141529675803224205191702432356610 43 637 61
1989.71977776 0.042686868964 5 19890920153418646378324224920161859356610 32 690 75
1989.72198684 0.0141530526264 5 19890921105611871615724731588311225356610 15 1401 29
1989.72201761 -0.0156180369274 5 19890921111222979512124712978439793356610 16 729108 70900
1989.72206333 -0.0159065234081 5 19890921113625788567824686496023492356610 37 505121 70900
1989.72211257 0.020146895705 5 19890921120219496624224659875875973356610 36 757 45
1989.72218895 0.00107317095832 5 19890921124230042632324623361939628356610 53 527 75
1989.72224312 -0.00324756974145 5 19890921131059573506024601627381862356610 19 813 68
1989.72227337 -0.023809145631 5 19890921132654056623424591178609054356610 23 714120 70900
1989.72504475 -0.00609726780816 5 19890922134432269646924977612710188356610 34 558240 70740
1989.72512904 -0.0462479102032 5 19890922142852066204324945552444687356610 26 585375 70740
1989.72519625 -0.0245378720181 5 19890922150413140978324927170428990356610 52 468999 70740
1989.79342337 0.0403044713123 5 19891017130857227637023669875654210356610 27 684 15
1989.79346484 0.0694064391239 5 19891017133046096650823680381638951356610 11 684 10
1989.79603379 -0.0399928795712 5 19891018120155918448524011730571248356610 13 762 21
1989.79608018 0.0216801655872 5 19891018122619908261524005049560996356610 66 421 52
1989.79636612 0.0209416640385 5 19891018145643565590924044862192973356610 18 714 24
1989.79639271 0.0823288453205 5 19891018151042641256824055645289321356610 12 1146 6
1989.79875509 0.0430051577671 5 19891019115313604964224448529700516356610 20 920 26
1989.79882951 0.0456821215732 5 19891019123222093440224425092486589356610 41 603 26
1989.79891742 0.0374752772434 5 19891019131836303524224408001051646356610 20 881 13
1989.79895744 0.128256965934 5 19891019133939151379524391927315559056610 11 1038 23
1989.79901664 -0.045850943269 5 19891019141047637034024403849256003356610 11 1026 18
1989.79919829 0.00220446711616 5 19891019154619918144024440230571777356610 37 590 35
1989.80156329 0.0064719212635 5 19891020123013815442424886384875264356610 22 833 16
1989.80173928 0.00559132224158 5 19891020140247491402924832390492348356610 14 951 13
1989.80178652 0.0136833680256 5 19891020142738355858524825954262753356610 32 472 80
1989.80430802 -0.0103030907528 5 19891021123350840604125346968701177356610 17 958 13
1989.80434946 0.01064722663 5 19891021125538551194225324761436520356610 26 804 79
1989.80447591 -0.0172181832211 5 19891021140208922181925269223282343356610 17 952 90
1989.80449926 -0.0625267731564 5 19891021141425891841125261314909570356610 23 858160 70840
1989.80458185 -0.0214061247723 5 19891021145752081239025240084976871356610 34 682144 70840
1989.80462349 -0.0610043513195 5 19891021151946364753325233621582996356610 30 562 58
1989.84999262 0.161457706748 5 19891107050207211261224766579867493356610 31 789 45
1989.85016654 0.268171478568 5 19891107063335621623324772414654177356610 12 1379 10
1989.85299201 0.162740756331 5 19891108071940754413124358950714893356610 32 925 14
1989.85303986 0.196622182189 5 19891108074450779583024370520067838356610 26 845 15
1989.85307892 0.15099196559 5 19891108080523476061624382915630869356610 28 1017 12
1989.85318134 0.182694722472 5 19891108085915513641924426893199511356610 11 853 12
1989.85576696 0.1569169057 5 19891109073911409140923966256147331356610 8 1113 6
1989.85590273 0.21474211341 5 19891109085035971212923998943686723356610 18 720 11
1989.85599251 0.290159512816 5 19891109093749387774324037756858894356610 19 798 6
1989.87569897 -0.0531273590939 5 19891116142237934664024277761122148356610 20 941 13
1989.87572697 -0.00374872559472 5 19891116143721327729724287714318624356610 13 992 17
1989.87583116 0.00493638640479 5 19891116153209527875424336158163012356610 35 670 30
1989.87585982 -0.105284522714 5 19891116154713982176524352473136455356610 9 812 22
1989.88380824 -0.0223597990887 5 19891119132746785648825570456129331356610 23 795 6
1989.88386862 -0.0657829749004 5 19891119135932334226525549432049637356610 38 687 11
1989.88395113 0.0272748959644 5 19891119144256022967125530481140144356610 11 1048 10
1989.88652895 -0.0865480410473 5 19891120131845961442625989077245920356610 21 766112 70610
1989.8867927 -0.0912962662594 5 19891120153729293548325891317012750356610 9 957 43
1989.88688767 0.071877528487 5 19891120162726379836025886111920173356610 8 1615 24
1989.92947658 0.255446482955 5 19891206054730139339424513896428642356610 8 1088 31
1989.92953818 0.218619276343 5 19891206061954171562924528576243925356610 6 1365 10
1989.92972699 0.290409017859 5 19891206075912582349224612934454413356610 16 950 32
1989.92983426 0.34626429206 5 19891206085537756044224681748413555356610 4 782322 70760
1989.93512451 0.0380106461628 5 19891208071805370873823933948376322356610 10 699 18
1989.93516019 0.149217058478 5 19891208073651180493323941674133746356610 12 1160 7
1989.9352645 0.115832616149 5 19891208083143053916323977143545970356610 13 1305 8
1989.93534457 0.150115062056 5 19891208091349852831124016140670604356610 20 751 11
1989.93539597 0.111834694205 5 19891208094051816377624045805631325356610 20 833 13
1989.95457311 -0.041693161668 5 19891215094716343880824687998574910356610 23 701 13
1989.95460757 -0.0172049509899 5 19891215100523978597724672596474410356610 46 749 11
1989.95753505 -0.0669093834774 5 19891216114508154779625050409308429356610 24 792 21
1989.95764684 -0.0547722088711 5 19891216124355831254525027216571302356610 23 667 18
1989.95791946 0.0150650036915 5 19891216150718993699825067236135961356610 18 940 13
1989.95794569 -0.0456622349636 5 19891216152106976368125078454978400356610 14 783 16
1989.96025585 0.077399302779 5 19891217113609919253525502958781596356610 21 868 4
1989.96054223 -0.0334227787869 5 19891217140647428122425431474989421356610 18 685 18
1989.96070492 -0.0574900614636 5 19891217153221579745225458764328253356610 16 826 13
1989.9607986 -0.00595099800988 5 19891217162137838403225497613251836356610 6 1268 3
1990.09915524 -0.222995947541 5 19900206051141259253424500398307930356610 22 722 8
1990.09925504 -0.292271326722 5 19900206060411004775924467718806796356610 17 787 18
1990.09963486 -0.328298281373 5 19900206092357183694324496062038157356610 19 864 7
1990.11940268 -0.0724838314435 5 19900213144101904642726194700759630356610 14 735 9
1990.11945271 -0.14411585907 5 19900213150720972611026216993641172356610 18 963 4
1990.12186797 -0.090957218208 5 19900214121740773237826386746988443356610 23 742 12
1990.12213396 -0.0234026251218 5 19900214143734738259726375060951028356610 21 991 5
1990.12222186 -0.083418899574 5 19900214152348652095226401081775402356610 21 589 33
1990.12231434 -0.0852838096997 5 19900214161227051781726443463520176356610 17 793 2
1990.12478204 -0.054974251785 5 19900215135021856859126510162749929356610 23 881 11
1990.12487464 -0.135069304504 5 19900215143903979224526505166083596356610 20 839 3
1990.1249079 -0.094597512283 5 19900215145633390436126507340055966356610 14 626 7
1990.12746711 0.0217449130633 5 19900216132236071250126609061502315356610 15 873 7
1990.1276959 -0.107868367233 5 19900216152256148246326561564570851356610 21 902 14
1990.20132593 -0.149550372162 5 19900315124923194034026581483468419356610 19 639 7
1990.20139129 -0.00397949794742 5 19900315132345904894226580421746364356610 14 721 2
1990.20440989 -0.122028881111 5 19900316155125524858526653093830309356610 10 698 14
1990.20444488 -0.126326614418 5 19900316160949754531726666431395955356610 16 958 14
1990.20447605 -0.0605747042081 5 19900316162613274797326679908074778356610 9 796 13
1990.20711827 -0.0861088571927 5 19900317153555504831126572275760909356610 16 723 17
1990.20727697 0.420614785157 5 19900317165923805197326610897704179356610 9 646 4
1990.25288928 -0.121548944511 5 19900403084938741958524999743145642356610 16 775 97
1990.2529238 -0.126963430443 5 19900403090748138808625026086726729356610 15 741100 70740
1990.25296363 -0.148050838508 5 19900403092845004740525058017591906356610 9 1101 38
1990.52682184 -0.220480018654 5 19900712100712976160625240441858437356610 14 1233 7
1990.52712269 0.0552243651965 5 19900712124527047792025054386026266356610 14 931 28
1990.52716442 0.0554360808947 5 19900712130723915133525040848299499356610 9 859 12
1990.60351021 0.183908647499 5 19900809102213756062524805255914775356610 12 1023 8
1990.60359546 0.189053362809 5 19900809110704158587124762556030516356610 13 1092 14
1990.6036188 0.130834526024 5 19900809111920713225924753146802583356610 12 985 13
1990.60393298 0.121719783745 5 19900809140435367432424730280209551356610 14 873 11
1990.60400265 -0.141413384475 5 19900809144114114075224751150635948356610 9 1022 15
1990.60619789 0.136505550347 5 19900810095550511295524700803506945356610 15 909 14
1990.60624942 0.179828232727 5 19900810102256571736124663384228802356610 19 910 38
1990.60656573 0.124065703354 5 19900810130918605083924527985274296356610 13 1108 14
1990.60911311 0.0849198760608 5 19900811112908023344824478561844594356610 11 971 16
1990.60917594 0.123093432389 5 19900811120210765297524442659532731356610 15 782 24
1990.60961366 0.124548381768 5 19900811155224085338224390456220059356610 15 783 40
1990.61210558 0.0376654328921 5 19900812134303204913824277584039217356610 12 941 63
1990.61215195 0.107189005814 5 19900812140726250094424263832757444356610 9 1300 29
1990.61237275 0.0624058904269 5 19900812160334203402224253059768201356610 6 1249 42
1990.65778236 0.180397695504 5 19900829060712538376826535179869132356610 6 1583 28
1990.65799988 0.102189129792 5 19900829080137096338626619200808433356610 11 1551 20
1990.66050846 0.0649291934588 5 19900830060101749420226382447075196356610 7 1423 12
1990.66064725 0.345564669571 5 19900830071401645344726399003399129356610 5 1113 28
