2003.14198213 0.0151467436534 5 200302220236553040004242124556664203 7941 19 2620
2003.14202103 -0.0617859250325 5 200302220257228040004242102221928303 7941 20 4710
2003.14206494 0.00779617965042 5 200302220320286040004242105142604703 7941 63 3000
2003.1421085 0.00568331420242 5 200302220343233040004242137737925203 7941 32 3630
2003.14214648 0.00653029620468 5 200302220403218040004242190253548103 7941 20 3430
2004.89339676 -0.0178133136052 5 200411221930575040000254749228554703 7941 18 4900
2010.22940897 0.0796386116725 5 201003251859564040000239138526672803 7941 36 2910
2010.22944873 0.0784815663081 5 201003251920512040000239109741923603 7941111 3160 82
2010.22950028 0.0271808022243 5 201003251947581040000239108598924503 7941 80 3210
2010.22958156 0.0313193911296 5 201003252030429040000239188597542503 7941 23 4000
2011.06544826 -0.0361250525731 5 201101250343101040000242358667365403 7941 23 3650
2011.14479321 0.359140288232 5 201102230315262040000243407912456403 7941 20 4570
2011.22429916 0.166502844689 5 201103240412232040000245870429970003 7941 25 4360
2011.22431867 -0.0426214820164 5 201103240422389040000245944944786603 7941 12 4080
2011.22699593 0.173977743981 5 201103250350468040000249832052153303 7941 24 4900
2012.60387248 0.00266158120462 5 201208090132468040000264555781613743 7941 8 1
2012.60660483 0.0017092181904 5 201208100130526040000265653747242903 7941 25 1
2013.09701828 -0.0720523482579 5 201302050427440040000242847613814173 7941 15 1193
2013.09704151 -0.0873860007542 5 201302050439571040000242768745281553 7941 12 3787
2013.09706218 -0.0726115590352 5 201302050450495040000242704733995063 7941 18 1680
2013.09708713 -0.0427105313557 5 201302050503568040000242635398506933 7941 17 3148
2013.09711112 -0.0581081992406 5 201302050516338040000242577044579763 7941 22 1410
2013.09713524 -0.0489106065053 5 201302050529150040000242526720397243 7941 26 2468
2013.17069979 -0.136903989913 5 201303040221158040000244591125277503 7941 14 4300
2013.17076275 -0.0445628052968 5 201303040254225040000244411997432363 7941 20 2774
2013.17083078 -0.0259408837575 5 201303040330093040000244258981860200 7941 17 1363
2013.1708666 -0.00265179932297 5 201303040348597040000244217763030040 7941 7 1029
2013.17092002 -0.0209139472264 5 201303040417057040000244191825531840 7941 9 2423
2013.17355917 -0.0450161582249 5 201303050325109040000244176313989663 7941 16 996
2013.17360776 -0.0366749650258 5 201303050350443040000244045220390143 7941 25 1727
2013.17364893 -0.0831047183293 5 201303050412236040000243959929238103 7941 24 1609
2013.17369018 -0.0398429518956 5 201303050434053040000243857423436680 7941 3 931
2013.17371629 -0.0214323884267 5 201303050447493040000243831898065210 7941 10 1374
2013.4602064 0.0032706373912 5 201306172010094040000250452824908422 7941 13 2960
2013.49923746 -0.00987075627029 5 201307020218560040000261185846807193 7941 6 724
2013.49933246 -0.0961824542302 5 201307020308539040000260752108249343 7941 6 2244
2013.65800716 0.0638992899638 5 201308290205268040000264578854611883 7941 18 3376
2013.65805633 0.0425903910381 5 201308290231185040000264373709790563 7941 14 2623
2013.66091445 -0.00597952664078 5 201308300334339040000265396651699883 7941 13 2865
2014.01841142 0.0522545689326 5 201401071723401040000249964175387393 7941 11 2523
2014.02108317 -0.0701439267415 5 201401081648543040000253399166111593 7941 6 3322
2014.18547823 0.0614717119914 5 201403091754077040000263702774678063 7941 8 1491
2014.18550459 0.0824450367671 5 201403091807595040000263725120570443 7941 7 2041
2014.1855377 0.0122089499217 5 201403091825246040000263768135622233 7941 4 1990
2014.18556472 0.0696005934459 5 201403091839372040000263839949119102 7941 8 2128
2015.03531995 0.135420691369 5 201501140336527040000259714779351783 7941 11 3343
2015.03538221 -0.0187125092763 5 201501140409377040000259475927944953 7941 9 2200
2015.0354298 -0.0536118632573 5 201501140434393040000259332358250423 7941 16 2113
2015.03825524 -0.0240201836842 5 201501150520435040000255795765063113 7941 4 3335
2015.03831162 0.103174220918 5 201501150550227040000255657762630363 7941 14 2117
2015.11761364 0.010760676263 5 201502130500043040000252858895872912 7941 19 3124
2015.27339065 0.0561653488857 5 201504110232329040000251016403276633 7941 13 4009
2015.27345566 -0.0105538254994 5 201504110306442040000250791788154403 7941 24 3690
2015.27348907 0.0433089846355 5 201504110324186040000250700081448713 7941 8 2951
2015.27618062 0.00824226081192 5 201504120259576040000248018558803553 7941 11 3085
2015.27622037 0.0587679260951 5 201504120320518040000247843673881483 7941 9 3301
2015.27628237 0.0415996426326 5 201504120353286040000247614412242093 7941 7 1782
2015.28177829 0.0580319279414 5 201504140404067040000242221812029233 7941 5 1370
2015.35010344 0.0253670328838 5 201505090300243040000249211101175943 7941 8 2505
2015.35012326 0.0223803633434 5 201505090310497040000249196310422113 7941 4 1021
2015.42947989 0.0636352413875 5 201506070249145040000244778839092023 7941 10 2632
2015.43482358 -0.0227776652592 5 201506090139487040000243756085835163 7941 5 1851
2015.43484557 0.0460207575542 5 201506090151227040000243648095928713 7941 9 2596
2015.4349069 -0.00336049854935 5 201506090223381040000243379023921343 7941 9 1457
2015.44038351 -0.115313876273 5 201506110224065040000243823716627533 7941 7 3257
2015.4404114 -0.0770273095387 5 201506110238467040000243661042210293 7941 5 2479
2015.48071185 -0.00821172058762 5 201506251955124040000264265867356183 7941 15 3157
2017.37876833 0.064440738557 5 201705190216595040000256559541464393 7941 20 3336
2017.37884374 -0.0389848834294 5 201705190256393040000256008628423992 7941 10 3213
2017.37888862 0.00110448539078 5 201705190320155040000255891307570583 7941 12 2539
2017.45540239 0.0546928757411 5 201706160203266040000256041608251123 7941 9 3560
2017.61703547 -0.0243533736485 5 201708140255585040000244840465147133 7941 29 3082
2017.61706758 0.0177441948634 5 201708140312518040000244763960244633 7941 21 2856
2017.61953851 0.0200498217326 5 201708150052285040000244408472216003 7941 11 3190
2017.6195754 -0.16312240422 5 201708150111526040000244170186842573 7941 13 2801
2017.6196285 -0.00210534393967 5 201708150139485040000243849778855033 7941 8 3203
2017.62248142 0.0143789166194 5 201708160240196040000242059427094593 7941 11 2619
2017.6225121 -0.0653121358174 5 201708160256278040000241897839874593 7941 27 3107
2017.62253655 -0.117710221412 5 201708160309194040000241776806901473 7941 18 3211
2017.62256298 -0.0402208453435 5 201708160323134040000241654112260823 7941 27 3416
2017.70184147 -0.0651379710454 5 201709140220323040000242735655550253 7941 9 2245
2017.70190397 0.0147650355083 5 201709140253247040000242445870882683 7941 22 2446
2017.70194034 -0.0885571128148 5 201709140312326040000242297663348473 7941 13 2985
2017.70196648 -0.0856842881459 5 201709140326173040000242201188633973 7941 31 2334
2017.70200421 -0.0398625022191 5 201709140346081040000242077399486763 7941 31 3430
2017.70452836 -0.0837979203481 5 201709150153443040000243985704381663 7941 19 2266
2017.70458106 -0.0702806597966 5 201709150221272040000243673053521373 7941 14 1486
2017.70466331 -0.092550743224 5 201709150304428040000243225924745843 7941 25 3296
2017.78122999 -0.034911740424 5 201710130215434040000244471767822883 7941 18 2514
2017.78129996 0.0589723700267 5 201710130252317040000244194160031623 7941 17 2965
2017.78133519 -0.100764501693 5 201710130311033040000244075986411723 7941 11 2544
2017.78137264 -0.0729529744405 5 201710130330451040000243967522858373 7941 26 2261
2017.78140269 -0.00496589005173 5 201710130346334040000243893912052613 7941 48 2337
2017.78147575 0.0101540201884 5 201710130424591040000243739616943450 7941 7 762
2017.78149659 -0.000554192664032 5 201710130435568040000243717815974570 7941 8 1606
2017.85779734 0.00400508582413 5 201711100127052040000243811533707063 7941 61 3289
2017.85783947 0.0215232485515 5 201711100149150040000243672003287663 7941 46 3212
2017.85787257 0.0559675806743 5 201711100206394040000243577498747163 7941 25 1568
2018.10437146 0.00587309539139 5120180208025512904000026321896038230307941055002398008 095330+07169 5320a1234  
2018.10437146 0.00587309539139 5 201802080255129040000263218960382313 7941 55 2398
2018.10437146 0.00590301692306 5120180208025512904000026321896038230307941055002398008 095330+07169 5320a1234  
2018.10437146 0.00590301692306 5 201802080255129040000263218960382313 7941 55 2398
2018.10440746 0.0426025503856 5120180208031408804000026312035836370307941102003350010 095336+07071 5320a1234  
2018.10440746 0.0426025503856 5 201802080314088040000263120358363793 7941102 3350 10
2018.10440746 0.0424627178889 5120180208031408804000026312035836370307941102003350010 095336+07071 5320a1234  
2018.10440746 0.0424627178889 5 201802080314088040000263120358363793 7941102 3350 10
2018.10443048 0.0722190254909 5120180208032615304000026315887010730407941003001163001 095340+06973 5320a1234  
2018.10443048 0.0722190254909 5 201802080326153040000263158870107374 7941 3 1163
2018.10443048 0.0724289530498 5120180208032615304000026315887010730407941003001163001 095340+06973 5320a1234  
2018.10443048 0.0724289530498 5 201802080326153040000263158870107374 7941 3 1163
2018.10446077 0.019094836114 5120180208034211304000026300647742620307941045001823005 095350+06774 5320a1234  
2018.10446077 0.019094836114 5 201802080342113040000263006477426213 7941 45 1823
2018.10446077 0.019124876855 5120180208034211304000026300647742620307941045001823005 095350+06774 5320a1234  
2018.10446077 0.019124876855 5 201802080342113040000263006477426213 7941 45 1823
2018.10720985 0.018494140504 5120180209034805704000026568356356610307941072002956004 095850+04272 5320a1234  
2018.10720985 0.018494140504 5 201802090348057040000265683563566133 7941 72 2956
2018.10720985 0.0185840243083 5120180209034805704000026568356356610307941072002956004 095850+04272 5320a1234  
2018.10720985 0.0185840243083 5 201802090348057040000265683563566133 7941 72 2956
2018.10726733 0.0594097489101 5120180209041819504000026552936654440307941121002912006 095856+04570 5320a1234  
2018.10726733 0.0594097489101 5 201802090418195040000265529366544423 7941121 2912 6
2018.10726733 0.059069644807 5120180209041819504000026552936654440307941121002912006 095856+04570 5320a1234  
2018.10726733 0.059069644807 5 201802090418195040000265529366544423 7941121 2912 6
2018.10733983 0.0205870980006 5120180209045627304000026540003328340307941092002207005 095850+05665 5320a1234  
2018.10733983 0.0205870980006 5 201802090456273040000265400033283423 7941 92 2207
2018.10733983 0.0206470602733 5120180209045627304000026540003328340307941092002207005 095850+05665 5320a1234  
2018.10733983 0.0206470602733 5 201802090456273040000265400033283423 7941 92 2207
2018.10738514 0.035030257104 5120180209052017304000026546248634510407941005001079000 095870+05167 5320a1234  
2018.10738514 0.035030257104 5 201802090520173040000265462486345194 7941 5 1079
2018.10738514 0.0353000277263 5120180209052017304000026546248634510407941005001079000 095870+05167 5320a1234  
2018.10738514 0.0353000277263 5 201802090520173040000265462486345194 7941 5 1079
2018.17808486 0.0122940653545 5120180307010530904000025919817621840307941086003669005 094550+07965 5320a1234  
2018.17808486 0.0122940653545 5 201803070105309040000259198176218403 7941 86 3669
2018.18663251 0.0699048155528 5120180310040114204000026647606360300307941178002190024 095990+08175 5320a1234  
2018.18663251 0.0699048155528 5 201803100401142040000266476063603023 7941178 2190 24
2018.18663251 0.0699647778255 5120180310040114204000026647606360300307941178002190024 095990+08175 5320a1234  
2018.18663251 0.0699647778255 5 201803100401142040000266476063603023 7941178 2190 24
2018.18666607 0.0402966850978 5120180310041853204000026641107125530307941041001823004 095980+07677 5320a1234  
2018.18666607 0.0402966850978 5 201803100418532040000266411071255393 7941 41 1823
2018.18666607 0.0405664557201 5120180310041853204000026641107125530307941041001823004 095980+07677 5320a1234  
2018.18666607 0.0405664557201 5 201803100418532040000266411071255393 7941 41 1823
2018.26601918 0.00970972716629 5120180408035526804000026665590247810307941025001991003 096070+11460 5320a1234  
2018.26601918 0.00970972716629 5 201804080355268040000266655902478193 7941 25 1991
2018.26601918 0.00997949778854 5120180408035526804000026665590247810307941025001991003 096070+11460 5320a1234  
2018.26601918 0.00997949778854 5 201804080355268040000266655902478193 7941 25 1991
2018.30061469 -0.0228898412007 5120180420191118004000024248380379090307941024003223002 096180+15655 5320a1234  
2018.30061469 -0.0228898412007 5 201804201911180040000242483803790973 7941 24 3223
2018.30061469 -0.0226799136418 5120180420191118004000024248380379090307941024003223002 096180+15655 5320a1234  
2018.30061469 -0.0226799136418 5 201804201911180040000242483803790973 7941 24 3223
2018.3006909 -0.0151500588673 5120180420195123204000024295181565190307941028002797002 096200+14859 5320a1234  
2018.3006909 -0.0151500588673 5 201804201951232040000242951815651993 7941 28 2797
2018.3006909 -0.0148801690358 5120180420195123204000024295181565190307941028002797002 096200+14859 5320a1234  
2018.3006909 -0.0148801690358 5 201804201951232040000242951815651993 7941 28 2797
2018.30880679 -0.0500591880101 5120180423190001204000024320885847910307941061003686005 096080+18151 5320a1234  
2018.30880679 -0.0500591880101 5 201804231900012040000243208858479163 7941 61 3686
2018.30880679 -0.0498793011922 5120180423190001204000024320885847910307941061003686005 096080+18151 5320a1234  
2018.30880679 -0.0498793011922 5 201804231900012040000243208858479163 7941 61 3686
2018.39389308 -0.0839260703343 5120180524205200404000025164265343790307941100003731009 095950+16978 5320a1234  
2018.39389308 -0.0839260703343 5 201805242052004040000251642653437913 7941100 3731 9
2018.39389308 -0.0838961488026 5120180524205200404000025164265343790307941100003731009 095950+16978 5320a1234  
2018.39389308 -0.0838961488026 5 201805242052004040000251642653437913 7941100 3731 9
2018.42738247 -0.0350342875737 5120180606022604904000026300665939070307941018003815002 095550+17066 5320a1234  
2018.42738247 -0.0350342875737 5 201806060226049040000263006659390773 7941 18 3815
2018.42738247 -0.0348244792241 5120180606022604904000026300665939070307941018003815002 095550+17066 5320a1234  
2018.42738247 -0.0348244792241 5 201806060226049040000263006659390773 7941 18 3815
2018.42743239 0.155522715448 5120180606025220404000026278145174140307941018002149001 095560+16468 5320a1234  
2018.42743239 0.155522715448 5 201806060252204040000262781451741433 7941 18 2149
2018.42743239 0.155612718461 5120180606025220404000026278145174140307941018002149001 095560+16468 5320a1234  
2018.42743239 0.155612718461 5 201806060252204040000262781451741433 7941 18 2149
2018.50393932 -0.0752751714009 5120180704013155604000026299823786580007941031003366002 095950+21274 5320a1234  
2018.50393932 -0.0752751714009 5 201807040131556040000262998237865840 7941 31 3366
2018.50393932 -0.0751552468556 5120180704013155604000026299823786580007941031003366002 095950+21274 5320a1234  
2018.50393932 -0.0751552468556 5 201807040131556040000262998237865840 7941 31 3366
2018.50664056 -0.063062418105 5120180705011240104000026062544783710007941013002728002 096020+23740 5320a1234  
2018.50664056 -0.063062418105 5 201807050112401040000260625447837110 7941 13 2728
2018.50664056 -0.0630324965733 5120180705011240104000026062544783710007941013002728002 096020+23740 5320a1234  
2018.50664056 -0.0630324965733 5 201807050112401040000260625447837110 7941 13 2728
2018.50685883 -0.0929435378331 5120180705030728105000025963144667060007941030003032002 096020+22942 5320a1234  
2018.50685883 -0.0929435378331 5 201807050307281050000259631446670600 7941 30 3032
2018.50948934 0.0348012560588 5120180706021100804000025685970402590007941026003155001 095620+21673 5320a1234  
2018.50948934 0.0348012560588 5 201807060211008040000256859704025990 7941 26 3155
2018.50948934 0.0350711458903 5120180706021100804000025685970402590007941026003155001 095620+21673 5320a1234  
2018.50948934 0.0350711458903 5 201807060211008040000256859704025990 7941 26 3155
2018.50954517 -0.142935979964 5120180706024022804000025655001240760007941018003622001 095580+20678 5320a1234  
2018.50954517 -0.142935979964 5 201807060240228040000256550012407670 7941 18 3622
2018.50954517 -0.142726052405 5120180706024022804000025655001240760007941018003622001 095580+20678 5320a1234  
2018.50954517 -0.142726052405 5 201807060240228040000256550012407670 7941 18 3622
2018.51225045 -0.115929473044 5120180707022314804000025307259468950307941035003471005 095780+18787 5320a1234  
2018.51225045 -0.115929473044 5 201807070223148040000253072594689533 7941 35 3471
2018.51225045 -0.115839470031 5120180707022314804000025307259468950307941035003471005 095780+18787 5320a1234  
2018.51225045 -0.115839470031 5 201807070223148040000253072594689533 7941 35 3471
2018.51228216 -0.00432585537613 5120180707023955504000025295356793410007941017003094002 095780+18889 5320a1234  
2018.51228216 -0.00432585537613 5 201807070239555040000252953567934140 7941 17 3094
2018.51228216 -0.00420593083084 5120180707023955504000025295356793410007941017003094002 095780+18889 5320a1234  
2018.51228216 -0.00420593083084 5 201807070239555040000252953567934140 7941 17 3094
2018.51504184 0.155573379396 5120180708025124504000024895645123470307941091004443009 095750+17977 5320a1234  
2018.51504184 0.155573379396 5 201807080251245040000248956451234783 7941 91 4443
2018.51504184 0.155813228486 5120180708025124504000024895645123470307941091004443009 095750+17977 5320a1234  
2018.51504184 0.155813228486 5 201807080251245040000248956451234783 7941 91 4443
2018.51506459 0.0275369995815 5120180708030322304000024879609732600307941095003653012 095760+17976 5320a1234  
2018.51506459 0.0275369995815 5 201807080303223040000248796097326053 7941 95 3653
2018.51506459 0.0276868456584 5120180708030322304000024879609732600307941095003653012 095760+17976 5320a1234  
2018.51506459 0.0276868456584 5 201807080303223040000248796097326053 7941 95 3653
2018.51509262 0.0735808724147 5120180708031806904000024860592302570307941075004050008 095760+17976 5320a1234  
2018.51509262 0.0735808724147 5 201807080318069040000248605923025773 7941 75 4050
2018.51509262 0.0737906807643 5120180708031806904000024860592302570307941075004050008 095760+17976 5320a1234  
2018.51509262 0.0737906807643 5 201807080318069040000248605923025773 7941 75 4050
2018.54157838 0.000261914132232 5120180717192834004000024642324538490307941065003519005 095660+20188 5320a1234  
2018.54157838 0.000261914132232 5 201807171928340040000246423245384953 7941 65 3519
2018.54157838 0.000411760209198 5120180717192834004000024642324538490307941065003519005 095660+20188 5320a1234  
2018.54157838 0.000411760209198 5 201807171928340040000246423245384953 7941 65 3519
2018.54705861 -0.0438557750005 5120180719193056704000025371349064170307941029002571004 095780+24436 5320a1234  
2018.54705861 -0.0438557750005 5 201807191930567040000253713490641703 7941 29 2571
2018.54709677 -0.0125077849644 5120180719195101104000025388184984240207941015002576001 095810+24036 5320a1234  
2018.54709677 -0.0125077849644 5 201807191951011040000253881849842472 7941 15 2576
2018.54709677 -0.0122979766148 5120180719195101104000025388184984240207941015002576001 095810+24036 5320a1234  
2018.54709677 -0.0122979766148 5 201807191951011040000253881849842472 7941 15 2576
2018.58323662 0.0848757141811 5120180802003908004000025991151953100407941041003249004 095950+22264 5320a1234  
2018.58323662 0.0848757141811 5 201808020039080040000259911519531074 7941 41 3249
2018.58323662 0.0850855225307 5120180802003908004000025991151953100407941041003249004 095950+22264 5320a1234  
2018.58323662 0.0850855225307 5 201808020039080040000259911519531074 7941 41 3249
2018.58327857 0.072187792657 5120180802010111804000025972201058340407941020002916003 095940+22560 5320a1234  
2018.58327857 0.072187792657 5 201808020101118040000259722010583464 7941 20 2916
2018.58327857 0.0723676794749 5120180802010111804000025972201058340407941020002916003 095940+22560 5320a1234  
2018.58327857 0.0723676794749 5 201808020101118040000259722010583464 7941 20 2916
2018.58333465 -0.0420154219884 5120180802013041603000025950864174210407941008002404002 095930+22460 5320a1234  
2018.58333465 -0.0420154219884 5 201808020130416030000259508641742154 7941 8 2404
2018.58333465 -0.0418655759114 5120180802013041603000025950864174210407941008002404002 095930+22460 5320a1234  
2018.58333465 -0.0418655759114 5 201808020130416030000259508641742154 7941 8 2404
2018.58338108 -0.0315335875768 5120180802015506804000025936822432580407941095002972007 095920+22360 5320a1234  
2018.58338108 -0.0315335875768 5 201808020155068040000259368224325824 7941 95 2972
2018.58338108 -0.0314736253041 5120180802015506804000025936822432580407941095002972007 095920+22360 5320a1234  
2018.58338108 -0.0314736253041 5 201808020155068040000259368224325824 7941 95 2972
2018.58343836 -0.0470231658238 5120180802022514404000025924180899340407941042001977003 095920+22261 5320a1234  
2018.58343836 -0.0470231658238 5 201808020225144040000259241808993474 7941 42 1977
2018.58343836 -0.0468133574742 5120180802022514404000025924180899340407941042001977003 095920+22261 5320a1234  
2018.58343836 -0.0468133574742 5 201808020225144040000259241808993474 7941 42 1977
2018.58349533 0.019973408578 5120180802025512304000025916836468390407941018002248002 095900+22061 5320a1234  
2018.58349533 0.019973408578 5 201808020255123040000259168364683994 7941 18 2248
2018.58349533 0.0202431792003 5120180802025512304000025916836468390407941018002248002 095900+22061 5320a1234  
2018.58349533 0.0202431792003 5 201808020255123040000259168364683994 7941 18 2248
2018.5943564 0.0268105381709 5120180806020741504000024618852307420307941028003812005 096010+22961 5320a1234  
2018.5943564 0.0268105381709 5 201808060207415040000246188523074273 7941 28 3812
2018.5943564 0.0270203465205 5120180806020741504000024618852307420307941028003812005 096010+22961 5320a1234  
2018.5943564 0.0270203465205 5 201808060207415040000246188523074273 7941 28 3812
2018.59440428 0.039349448083 5120180806023252504000024585584557830307941043003758005 096010+22961 5320a1234  
2018.59440428 0.039349448083 5 201808060232525040000245855845578323 7941 43 3758
2018.59440428 0.0394094103557 5120180806023252504000024585584557830307941043003758005 096010+22961 5320a1234  
2018.59440428 0.0394094103557 5 201808060232525040000245855845578323 7941 43 3758
2018.59444794 0.00557018458664 5120180806025550404000024557216570230307941013003709002 096020+22763 5320a1234  
2018.59444794 0.00557018458664 5 201808060255504040000245572165702333 7941 13 3709
2018.59444794 0.00566006839096 5120180806025550404000024557216570230307941013003709002 096020+22763 5320a1234  
2018.59444794 0.00566006839096 5 201808060255504040000245572165702333 7941 13 3709
2018.59448964 0.028340470193 5120180806031746404000024532078340090307941034003909004 096010+22167 5320a1234  
2018.59448964 0.028340470193 5 201808060317464040000245320783400913 7941 34 3909
2018.59448964 0.028370510934 5120180806031746404000024532078340090307941034003909004 096010+22167 5320a1234  
2018.59448964 0.028370510934 5 201808060317464040000245320783400913 7941 34 3909
2018.66828759 -0.0113701707143 5120180902021232404000024907186760380007941088003707009 096010+21841 5320a1234  
2018.66828759 -0.0113701707143 5 201809020212324040000249071867603880 7941 88 3707
2018.66828759 -0.0111303216237 5120180902021232404000024907186760380007941088003707009 096010+21841 5320a1234  
2018.66828759 -0.0111303216237 5 201809020212324040000249071867603880 7941 88 3707
2018.66828851 -0.0255527195485 5120180902021232404000024907186760380007941088003707009 096010+21841 5320a1234  
2018.66828851 -0.0255527195485 5 201809020212324040000249071867603880 7941 88 3707
2018.66828851 -0.0245233473332 5120180902021232404000024907186760380007941088003707009 096010+21841 5320a1234  
2018.66828851 -0.0245233473332 5 201809020212324040000249071867603880 7941 88 3707
2018.66831284 0.00118079809831 5120180902022608604000024897243931470007941021003152005 096010+21642 5320a1234  
2018.66831284 0.00118079809831 5 201809020226086040000248972439314750 7941 21 3152
2018.66831284 -0.000283211186668 5120180902022608604000024897243931470007941021003152005 096010+21642 5320a1234  
2018.66831284 -0.000283211186668 5 201809020226086040000248972439314750 7941 21 3152
2018.66831345 -0.0168496257085 5120180902022608604000024897243931470007941021003152005 096010+21642 5320a1234  
2018.66831345 -0.0168496257085 5 201809020226086040000248972439314750 7941 21 3152
2018.66831345 -0.0169074422139 5120180902022608604000024897243931470007941021003152005 096010+21642 5320a1234  
2018.66831345 -0.0169074422139 5 201809020226086040000248972439314750 7941 21 3152
2018.66834445 -0.101903784873 5120180902024226904000024898289691430407941029002435003 096010+21343 5320a1234  
2018.66834445 -0.101903784873 5 201809020242269040000248982896914314 7941 29 2435
2018.66834445 -0.101873744132 5120180902024226904000024898289691430407941029002435003 096010+21343 5320a1234  
2018.66834445 -0.101873744132 5 201809020242269040000248982896914314 7941 29 2435
2018.66836761 -0.00904964268387 5120180902025437804000024879593746150007941019002567005 095990+21837 5320a1234  
2018.66836761 -0.00904964268387 5 201809020254378040000248795937461540 7941 19 2567
2018.66836761 -0.00892971813858 5120180902025437804000024879593746150007941019002567005 095990+21837 5320a1234  
2018.66836761 -0.00892971813858 5 201809020254378040000248795937461540 7941 19 2567
2018.66840099 -0.0300821957143 5120180902031321404000024870393299640007941043002307025 096010+22434 5320a1234  
2018.66840099 -0.0300821957143 5 201809020313214040000248703932996460 7941 43 2307
2018.66840099 -0.026407211736 5120180902031321404000024870393299640007941043002307025 096010+22434 5320a1234  
2018.66840099 -0.026407211736 5 201809020313214040000248703932996460 7941 43 2307
2018.66840322 8.79877787777e-05 5120180902031321404000024870393299640007941043002307025 096010+22434 5320a1234  
2018.66840322 8.79877787777e-05 5 201809020313214040000248703932996460 7941 43 2307
2018.66840322 0.00026787459671 5120180902031321404000024870393299640007941043002307025 096010+22434 5320a1234  
2018.66840322 0.00026787459671 5 201809020313214040000248703932996460 7941 43 2307
2018.67081167 -0.0135424023885 5120180903002006304000024766134608810307941068003657007 095850+20053 5320a1234  
2018.67081167 -0.0135424023885 5 201809030020063040000247661346088103 7941 68 3657
2018.67085124 -0.0428328400868 5120180903004055204000024737719189180307941052003426005 095853+20150 5320a1234  
2018.67085124 -0.0428328400868 5 201809030040552040000247377191891873 7941 52 3426
2018.67085124 -0.0428439265508 5120180903004055204000024737719189180307941052003426005 095853+20150 5320a1234  
2018.67085124 -0.0428439265508 5 201809030040552040000247377191891873 7941 52 3426
2018.67089602 0.0166995638591 5120180903010428304000024707028752000307941125003666012 095860+19852 5320a1234  
2018.67089602 0.0166995638591 5 201809030104283040000247070287520093 7941125 3666 12
2018.67089602 0.0169693344814 5120180903010428304000024707028752000307941125003666012 095860+19852 5320a1234  
2018.67089602 0.0169693344814 5 201809030104283040000247070287520093 7941125 3666 12
2018.67093429 0.00957108676254 5120180903012435804000024688534514690007941028003418003 095860+20444 5320a1234  
2018.67093429 0.00957108676254 5 201809030124358040000246885345146960 7941 28 3418
2018.67093429 0.00975085437118 5120180903012435804000024688534514690007941028003418003 095860+20444 5320a1234  
2018.67093429 0.00975085437118 5 201809030124358040000246885345146960 7941 28 3418
2018.67377521 -0.00282059967697 5120180904021848604000024380774475970007941042003455003 095780+18258 5320a1234  
2018.67377521 -0.00282059967697 5 201809040218486040000243807744759750 7941 42 3455
2018.67377521 -0.00267075360001 5120180904021848604000024380774475970007941042003455003 095780+18258 5320a1234  
2018.67377521 -0.00267075360001 5 201809040218486040000243807744759750 7941 42 3455
2018.67382177 -0.114692080619 5120180904024317804000024353066509200007941019004023001 095790+17559 5320a1234  
2018.67382177 -0.114692080619 5 201809040243178040000243530665092030 7941 19 4023
2018.67382177 -0.114602077605 5120180904024317804000024353066509200007941019004023001 095790+17559 5320a1234  
2018.67382177 -0.114602077605 5 201809040243178040000243530665092030 7941 19 4023
2018.67386857 -0.116887796523 5120180904030754904000024322887787010307941118003304009 095760+17559 5320a1234  
2018.67386857 -0.116887796523 5 201809040307549040000243228877870163 7941118 3304 9
2018.67386857 -0.116707909705 5120180904030754904000024322887787010307941118003304009 095760+17559 5320a1234  
2018.67386857 -0.116707909705 5 201809040307549040000243228877870163 7941118 3304 9
2018.67390385 -0.0537778025883 5120180904032628004000024305400624310307941044003331004 095760+17359 5320a1234  
2018.67390385 -0.0537778025883 5 201809040326280040000243054006243103 7941 44 3331
2018.67394514 0.0341161602718 5120180904034811304000024291622100320007941021002849004 095760+17159 5320a1234  
2018.67394514 0.0341161602718 5 201809040348113040000242916221003210 7941 21 2849
2018.67394514 0.0333809965831 5120180904034811304000024291622100320007941021002849004 095760+17159 5320a1234  
2018.67394514 0.0333809965831 5 201809040348113040000242916221003210 7941 21 2849
2018.82991201 0.0255570524913 5 201810310300313040000242223254001000 7941183 3094 9
2018.8299511 0.0096891039592 5 201810310321049040000242135994870630 7941 26 779
2018.82996078 0.0140801668167 5 201810310327298040000242279647919954 7941 13 1976
2018.8299633 0.00784851252853 5 201810310327298040000242279647919954 7941 13 1976
2018.83000132 0.00605405509293 5 201810310347297040000242056331717040 7941176 2781 10
2018.83006031 0.0213545674068 5 201810310418313040000242010542849220 7941184 1700 18
2018.83009127 0.00989891230881 5 201810310434483040000242174317759364 7941 36 1666
2018.86705585 0.0309764260036 5 201811131636416040000266358890324213 7941 60 2567
2018.86712085 -0.00566433727921 5 201811131710528040000266527504570593 7941 27 3135
2018.86714475 0.0186309927684 5 201811131723273040000266604199430523 7941 13 1903
2018.87251957 0.0158633106929 5 201811151630237040000265903429695633 7941 19 2404
2018.87259899 0.0099297875148 5 201811151712100040000265843511459163 7941 77 3239
2018.87262652 0.018978726266 5 201811151726388040000265845464714853 7941 26 2996
2018.8726517 -0.00976084530533 5 201811151739532040000265857457549993 7941 24 2945
2018.87531752 0.00569094359695 5 201811161702002040000264362802277193 7941 49 2505
2018.87536276 0.00382150351822 5 201811161725479040000264284357857633 7941 28 3399
2018.91182772 0.00935424506485 5 201811300104544040000244847225399343 7941 67 1708
2018.91186297 0.0517494791728 5 201811300123269040000244661422180513 7941 30 2689
2018.91192439 -0.0374692565221 5 201811300155451040000244364724298553 7941157 4067 6
2019.12186274 -0.0284662133473 5120190214181455504000024453241927990307941050003913009 096950+05586 5320a1234  
2019.12188296 -0.0146717911977 5120190214182533704000024449882340520307941072004043010 096940+05386 5320a1234  
2019.12190549 0.000435721276397 5120190214183724704000024446866740540307941031003941005 096940+05186 5320a1234  
2019.15860928 0.0488286131602 5120190228042208304000026293179808980307941026003169002 096350+03389 5320a1234  
2019.15865822 0.0672534817439 5120190228044752504000026283846774890307941022003150002 096370+03389 5320a1234  
2019.23799752 0.0407251232845 5120190329041710504000026480686167000307941010003641001 096510+04089 5320a1234  
2019.23802473 0.00641704737961 5120190329043129204000026475988638200307941005001199002 096530+03889 5320a1234  
